127.0	100.0	70.0	+1
148.0	129.0	97.0	+1
22.0	43.0	72.0	-1
158.0	115.0	81.0	+1
44.0	101.0	130.0	-1
67.0	75.0	62.0	+1
18.0	22.0	33.0	+1
221.0	239.0	140.0	+1
22.0	53.0	84.0	-1
0.0	0.0	0.0	+1
164.0	120.0	85.0	+1
14.0	14.0	12.0	+1
165.0	112.0	81.0	+1
9.0	11.0	8.0	+1
16.0	23.0	16.0	+1
103.0	74.0	58.0	+1
25.0	65.0	90.0	-1
143.0	156.0	136.0	+1
19.0	25.0	39.0	+1
168.0	142.0	109.0	+1
12.0	21.0	16.0	+1
21.0	43.0	67.0	-1
14.0	16.0	13.0	+1
26.0	72.0	106.0	-1
22.0	27.0	23.0	+1
46.0	92.0	115.0	-1
26.0	51.0	81.0	-1
10.0	12.0	9.0	+1
40.0	89.0	119.0	-1
11.0	13.0	10.0	+1
118.0	130.0	110.0	+1
22.0	42.0	53.0	+1
13.0	13.0	11.0	+1
58.0	65.0	57.0	+1
17.0	26.0	41.0	+1
90.0	101.0	87.0	-1
178.0	131.0	89.0	+1
28.0	71.0	106.0	-1
109.0	55.0	43.0	+1
15.0	17.0	16.0	+1
28.0	55.0	85.0	-1
142.0	118.0	84.0	+1
22.0	47.0	77.0	-1
65.0	30.0	24.0	+1
122.0	133.0	116.0	+1
84.0	55.0	47.0	+1
28.0	32.0	33.0	+1
75.0	36.0	29.0	+1
25.0	48.0	66.0	-1
110.0	52.0	41.0	+1
30.0	58.0	79.0	-1
29.0	73.0	110.0	-1
28.0	59.0	90.0	-1
14.0	16.0	15.0	+1
104.0	51.0	37.0	+1
26.0	56.0	90.0	-1
25.0	56.0	84.0	-1
110.0	58.0	47.0	+1
14.0	16.0	15.0	+1
18.0	29.0	47.0	+1
25.0	55.0	79.0	-1
22.0	46.0	72.0	-1
28.0	66.0	102.0	-1
38.0	114.0	138.0	-1
11.0	13.0	12.0	+1
25.0	66.0	98.0	-1
58.0	27.0	25.0	+1
59.0	30.0	22.0	+1
180.0	142.0	103.0	+1
142.0	95.0	69.0	+1
185.0	143.0	103.0	+1
25.0	59.0	86.0	-1
85.0	32.0	26.0	+1
21.0	27.0	49.0	+1
83.0	39.0	28.0	+1
91.0	45.0	32.0	+1
21.0	23.0	38.0	+1
33.0	69.0	105.0	-1
166.0	141.0	101.0	+1
25.0	75.0	110.0	-1
19.0	48.0	78.0	-1
91.0	103.0	91.0	-1
23.0	36.0	53.0	+1
133.0	82.0	63.0	+1
22.0	39.0	59.0	+1
117.0	128.0	111.0	+1
29.0	77.0	113.0	-1
20.0	32.0	48.0	+1
29.0	78.0	108.0	-1
11.0	13.0	12.0	+1
19.0	38.0	44.0	+1
9.0	11.0	8.0	+1
30.0	97.0	126.0	-1
122.0	100.0	79.0	+1
89.0	104.0	97.0	-1
24.0	62.0	98.0	-1
30.0	59.0	89.0	-1
153.0	102.0	73.0	+1
10.0	12.0	9.0	+1
17.0	21.0	22.0	+1
22.0	58.0	92.0	-1
63.0	34.0	26.0	+1
21.0	32.0	52.0	+1
13.0	22.0	29.0	+1
32.0	63.0	92.0	-1
13.0	38.0	60.0	+1
75.0	30.0	24.0	+1
11.0	13.0	12.0	+1
112.0	59.0	45.0	+1
0.0	0.0	0.0	+1
10.0	12.0	11.0	+1
28.0	63.0	95.0	-1
28.0	64.0	96.0	-1
13.0	15.0	12.0	+1
53.0	139.0	172.0	-1
12.0	14.0	11.0	+1
32.0	69.0	96.0	-1
141.0	83.0	59.0	+1
8.0	19.0	13.0	+1
38.0	69.0	98.0	-1
91.0	49.0	37.0	+1
10.0	12.0	11.0	+1
30.0	73.0	105.0	-1
64.0	149.0	156.0	-1
113.0	55.0	43.0	+1
26.0	63.0	92.0	-1
32.0	78.0	111.0	-1
106.0	134.0	119.0	-1
21.0	42.0	69.0	-1
24.0	48.0	76.0	-1
78.0	41.0	32.0	+1
160.0	145.0	104.0	+1
22.0	47.0	78.0	-1
35.0	93.0	130.0	-1
32.0	68.0	102.0	-1
27.0	61.0	89.0	-1
182.0	163.0	121.0	+1
91.0	38.0	32.0	+1
26.0	76.0	109.0	-1
158.0	127.0	99.0	+1
14.0	14.0	12.0	+1
189.0	206.0	174.0	+1
43.0	48.0	42.0	+1
14.0	14.0	12.0	+1
26.0	61.0	93.0	-1
8.0	10.0	7.0	+1
21.0	52.0	80.0	-1
75.0	37.0	28.0	+1
145.0	98.0	72.0	+1
129.0	87.0	73.0	+1
23.0	59.0	83.0	-1
172.0	140.0	93.0	+1
25.0	68.0	103.0	-1
10.0	10.0	8.0	+1
13.0	14.0	16.0	+1
133.0	96.0	69.0	+1
166.0	184.0	162.0	+1
31.0	74.0	108.0	-1
10.0	12.0	11.0	+1
26.0	53.0	72.0	-1
35.0	95.0	132.0	-1
23.0	29.0	51.0	+1
227.0	189.0	140.0	+1
29.0	104.0	125.0	-1
12.0	14.0	11.0	+1
67.0	30.0	21.0	+1
23.0	49.0	74.0	-1
188.0	153.0	115.0	+1
11.0	13.0	10.0	+1
26.0	50.0	76.0	-1
12.0	14.0	11.0	+1
9.0	11.0	10.0	+1
14.0	16.0	15.0	+1
48.0	89.0	91.0	-1
43.0	92.0	107.0	-1
10.0	12.0	9.0	+1
82.0	31.0	27.0	+1
23.0	62.0	95.0	-1
34.0	73.0	104.0	-1
24.0	51.0	70.0	-1
111.0	54.0	43.0	+1
170.0	149.0	106.0	+1
24.0	30.0	52.0	+1
33.0	107.0	134.0	-1
15.0	15.0	15.0	+1
9.0	11.0	8.0	+1
10.0	12.0	11.0	+1
169.0	138.0	109.0	+1
56.0	33.0	27.0	+1
61.0	27.0	26.0	+1
98.0	46.0	35.0	+1
94.0	42.0	29.0	+1
13.0	15.0	12.0	+1
91.0	43.0	31.0	+1
25.0	25.0	23.0	+1
21.0	23.0	20.0	+1
189.0	156.0	113.0	+1
13.0	15.0	14.0	+1
35.0	40.0	36.0	+1
67.0	34.0	25.0	+1
54.0	80.0	71.0	-1
113.0	126.0	109.0	+1
32.0	76.0	111.0	-1
11.0	13.0	12.0	+1
11.0	13.0	10.0	+1
10.0	12.0	11.0	+1
12.0	14.0	11.0	+1
11.0	13.0	12.0	+1
12.0	14.0	13.0	+1
115.0	63.0	52.0	+1
19.0	27.0	50.0	+1
12.0	14.0	11.0	+1
27.0	62.0	92.0	-1
42.0	111.0	144.0	-1
18.0	25.0	33.0	+1
25.0	55.0	81.0	-1
107.0	129.0	116.0	-1
12.0	13.0	15.0	+1
30.0	73.0	108.0	-1
159.0	109.0	72.0	+1
16.0	16.0	14.0	+1
13.0	15.0	14.0	+1
21.0	42.0	63.0	+1
87.0	55.0	42.0	+1
71.0	34.0	25.0	+1
20.0	43.0	57.0	+1
13.0	15.0	12.0	+1
9.0	11.0	8.0	+1
12.0	14.0	13.0	+1
20.0	40.0	39.0	+1
28.0	64.0	98.0	-1
67.0	34.0	27.0	+1
27.0	60.0	95.0	-1
28.0	76.0	112.0	-1
161.0	135.0	98.0	+1
15.0	17.0	14.0	+1
13.0	15.0	14.0	+1
142.0	119.0	88.0	+1
31.0	68.0	97.0	-1
22.0	32.0	44.0	+1
177.0	150.0	120.0	+1
10.0	12.0	11.0	+1
21.0	43.0	41.0	+1
113.0	57.0	42.0	+1
166.0	137.0	97.0	+1
10.0	12.0	11.0	+1
14.0	15.0	10.0	+1
76.0	39.0	31.0	+1
98.0	62.0	46.0	+1
20.0	29.0	44.0	+1
82.0	42.0	32.0	+1
10.0	12.0	9.0	+1
108.0	67.0	47.0	+1
31.0	74.0	109.0	-1
11.0	13.0	10.0	+1
78.0	41.0	32.0	+1
19.0	25.0	41.0	+1
32.0	70.0	106.0	-1
27.0	65.0	101.0	-1
69.0	34.0	28.0	+1
78.0	38.0	26.0	+1
25.0	63.0	99.0	-1
24.0	54.0	78.0	-1
47.0	95.0	115.0	-1
12.0	14.0	11.0	+1
24.0	40.0	63.0	+1
87.0	37.0	30.0	+1
23.0	44.0	71.0	-1
28.0	80.0	156.0	-1
9.0	11.0	10.0	+1
154.0	114.0	78.0	+1
48.0	116.0	125.0	-1
24.0	68.0	97.0	-1
11.0	13.0	10.0	+1
143.0	127.0	93.0	+1
15.0	31.0	30.0	+1
10.0	14.0	15.0	+1
12.0	12.0	10.0	+1
21.0	52.0	73.0	-1
33.0	100.0	129.0	-1
107.0	119.0	105.0	+1
23.0	53.0	81.0	-1
25.0	69.0	98.0	-1
26.0	54.0	76.0	-1
120.0	76.0	49.0	+1
5.0	5.0	5.0	+1
35.0	99.0	134.0	-1
11.0	13.0	10.0	+1
30.0	77.0	105.0	-1
11.0	13.0	12.0	+1
46.0	108.0	123.0	-1
16.0	16.0	14.0	+1
37.0	73.0	105.0	-1
12.0	14.0	13.0	+1
28.0	67.0	96.0	-1
37.0	101.0	139.0	-1
141.0	95.0	79.0	+1
169.0	141.0	102.0	+1
34.0	95.0	123.0	-1
11.0	13.0	12.0	+1
25.0	27.0	24.0	+1
10.0	12.0	11.0	+1
1.0	3.0	2.0	+1
20.0	44.0	72.0	-1
15.0	17.0	14.0	+1
166.0	131.0	99.0	+1
21.0	25.0	24.0	+1
74.0	36.0	23.0	+1
78.0	88.0	77.0	-1
130.0	92.0	69.0	+1
88.0	35.0	29.0	+1
26.0	61.0	99.0	-1
104.0	58.0	43.0	+1
28.0	72.0	107.0	-1
20.0	38.0	58.0	+1
95.0	38.0	29.0	+1
83.0	38.0	32.0	+1
71.0	33.0	30.0	+1
96.0	42.0	30.0	+1
239.0	244.0	222.0	+1
194.0	172.0	135.0	+1
22.0	49.0	60.0	+1
21.0	28.0	47.0	+1
133.0	102.0	74.0	+1
10.0	12.0	11.0	+1
34.0	94.0	118.0	-1
20.0	33.0	50.0	+1
24.0	65.0	97.0	-1
32.0	77.0	108.0	-1
28.0	75.0	105.0	-1
18.0	17.0	25.0	+1
174.0	170.0	143.0	+1
33.0	38.0	42.0	+1
13.0	15.0	12.0	+1
10.0	12.0	11.0	+1
14.0	14.0	12.0	+1
47.0	51.0	50.0	+1
90.0	42.0	30.0	+1
35.0	40.0	36.0	+1
87.0	98.0	84.0	-1
23.0	62.0	95.0	-1
25.0	58.0	89.0	-1
98.0	52.0	39.0	+1
19.0	23.0	32.0	+1
75.0	37.0	28.0	+1
22.0	29.0	22.0	+1
127.0	69.0	47.0	+1
12.0	14.0	11.0	+1
177.0	160.0	132.0	+1
14.0	16.0	13.0	+1
26.0	59.0	90.0	-1
12.0	12.0	10.0	+1
12.0	17.0	13.0	+1
93.0	46.0	36.0	+1
81.0	45.0	33.0	+1
25.0	55.0	81.0	-1
167.0	129.0	84.0	+1
213.0	180.0	126.0	+1
20.0	41.0	60.0	+1
122.0	65.0	48.0	+1
15.0	17.0	16.0	+1
22.0	27.0	46.0	+1
23.0	39.0	62.0	+1
10.0	12.0	9.0	+1
12.0	14.0	11.0	+1
18.0	25.0	35.0	+1
13.0	15.0	12.0	+1
192.0	180.0	140.0	+1
63.0	26.0	20.0	+1
26.0	51.0	81.0	-1
12.0	14.0	11.0	+1
30.0	66.0	100.0	-1
168.0	134.0	88.0	+1
27.0	41.0	70.0	-1
44.0	118.0	155.0	-1
25.0	52.0	81.0	-1
143.0	97.0	73.0	+1
14.0	16.0	15.0	+1
136.0	151.0	148.0	+1
59.0	59.0	51.0	+1
158.0	131.0	101.0	+1
107.0	60.0	44.0	+1
33.0	63.0	97.0	-1
37.0	103.0	137.0	-1
32.0	75.0	107.0	-1
167.0	161.0	127.0	+1
24.0	37.0	56.0	+1
23.0	45.0	69.0	-1
17.0	16.0	24.0	+1
28.0	61.0	92.0	-1
24.0	34.0	59.0	+1
27.0	67.0	103.0	-1
25.0	36.0	64.0	+1
146.0	96.0	71.0	+1
17.0	39.0	37.0	+1
18.0	22.0	21.0	+1
28.0	74.0	110.0	-1
51.0	57.0	55.0	+1
105.0	51.0	39.0	+1
20.0	32.0	44.0	+1
18.0	35.0	51.0	+1
34.0	56.0	80.0	-1
49.0	54.0	47.0	+1
19.0	25.0	39.0	+1
27.0	45.0	67.0	-1
35.0	85.0	108.0	-1
162.0	170.0	119.0	+1
31.0	79.0	99.0	-1
28.0	62.0	87.0	-1
21.0	50.0	82.0	-1
16.0	18.0	17.0	+1
25.0	52.0	81.0	-1
13.0	13.0	11.0	+1
13.0	13.0	11.0	+1
14.0	16.0	15.0	+1
22.0	24.0	21.0	+1
164.0	121.0	70.0	+1
11.0	13.0	12.0	+1
80.0	37.0	28.0	+1
9.0	11.0	8.0	+1
162.0	119.0	74.0	+1
19.0	43.0	67.0	-1
11.0	11.0	9.0	+1
12.0	14.0	11.0	+1
28.0	67.0	100.0	-1
13.0	17.0	18.0	+1
50.0	123.0	140.0	-1
10.0	12.0	11.0	+1
86.0	48.0	39.0	+1
85.0	46.0	29.0	+1
13.0	15.0	12.0	+1
147.0	108.0	77.0	+1
73.0	30.0	24.0	+1
14.0	16.0	15.0	+1
67.0	32.0	26.0	+1
34.0	109.0	140.0	-1
22.0	33.0	63.0	+1
179.0	150.0	106.0	+1
21.0	23.0	20.0	+1
17.0	16.0	12.0	+1
85.0	48.0	39.0	+1
55.0	113.0	135.0	-1
101.0	47.0	37.0	+1
29.0	65.0	99.0	-1
12.0	14.0	13.0	+1
187.0	159.0	96.0	+1
27.0	61.0	98.0	-1
37.0	98.0	129.0	-1
32.0	97.0	119.0	-1
36.0	117.0	147.0	-1
78.0	35.0	29.0	+1
58.0	66.0	53.0	+1
75.0	35.0	27.0	+1
13.0	13.0	11.0	+1
10.0	12.0	9.0	+1
18.0	18.0	16.0	+1
11.0	13.0	10.0	+1
221.0	241.0	146.0	+1
188.0	211.0	185.0	+1
13.0	13.0	11.0	+1
11.0	13.0	10.0	+1
115.0	84.0	55.0	+1
28.0	72.0	99.0	-1
185.0	147.0	100.0	+1
10.0	12.0	9.0	+1
11.0	13.0	10.0	+1
207.0	172.0	114.0	+1
108.0	51.0	40.0	+1
26.0	65.0	94.0	-1
11.0	11.0	11.0	+1
26.0	61.0	91.0	-1
24.0	47.0	65.0	-1
65.0	126.0	131.0	-1
47.0	114.0	133.0	-1
14.0	15.0	17.0	+1
64.0	81.0	75.0	-1
23.0	67.0	102.0	-1
167.0	119.0	96.0	+1
144.0	118.0	91.0	+1
9.0	11.0	8.0	+1
54.0	117.0	124.0	-1
24.0	58.0	86.0	-1
69.0	32.0	26.0	+1
31.0	36.0	30.0	+1
65.0	35.0	25.0	+1
56.0	28.0	24.0	+1
30.0	65.0	95.0	-1
38.0	97.0	113.0	-1
11.0	13.0	12.0	+1
151.0	113.0	90.0	+1
19.0	19.0	17.0	+1
19.0	34.0	53.0	+1
15.0	14.0	9.0	+1
24.0	66.0	91.0	-1
13.0	15.0	14.0	+1
25.0	56.0	87.0	-1
80.0	33.0	23.0	+1
162.0	126.0	100.0	+1
9.0	11.0	8.0	+1
152.0	124.0	84.0	+1
24.0	60.0	92.0	-1
13.0	15.0	12.0	+1
24.0	51.0	70.0	-1
68.0	33.0	27.0	+1
30.0	65.0	97.0	-1
10.0	12.0	11.0	+1
61.0	27.0	25.0	+1
25.0	55.0	79.0	-1
47.0	24.0	16.0	+1
29.0	61.0	84.0	-1
30.0	78.0	116.0	-1
23.0	25.0	22.0	+1
79.0	49.0	25.0	+1
9.0	13.0	12.0	+1
27.0	66.0	97.0	-1
20.0	26.0	40.0	+1
13.0	14.0	18.0	+1
13.0	15.0	14.0	+1
18.0	19.0	37.0	+1
8.0	10.0	7.0	+1
16.0	18.0	17.0	+1
26.0	37.0	55.0	+1
158.0	130.0	93.0	+1
11.0	13.0	12.0	+1
13.0	15.0	12.0	+1
20.0	29.0	44.0	+1
10.0	12.0	9.0	+1
116.0	69.0	53.0	+1
29.0	31.0	18.0	+1
176.0	131.0	102.0	+1
14.0	16.0	13.0	+1
13.0	13.0	11.0	+1
26.0	53.0	80.0	-1
30.0	63.0	98.0	-1
10.0	12.0	9.0	+1
24.0	57.0	88.0	-1
9.0	11.0	8.0	+1
23.0	30.0	46.0	+1
11.0	13.0	12.0	+1
164.0	113.0	86.0	+1
94.0	34.0	26.0	+1
118.0	130.0	108.0	+1
171.0	132.0	115.0	+1
24.0	54.0	78.0	-1
20.0	25.0	44.0	+1
74.0	77.0	66.0	+1
17.0	26.0	41.0	+1
14.0	16.0	15.0	+1
24.0	44.0	69.0	-1
16.0	17.0	12.0	+1
66.0	36.0	28.0	+1
58.0	29.0	25.0	+1
15.0	17.0	16.0	+1
10.0	12.0	9.0	+1
39.0	91.0	113.0	-1
88.0	54.0	45.0	+1
25.0	43.0	67.0	-1
74.0	31.0	24.0	+1
37.0	82.0	115.0	-1
71.0	43.0	32.0	+1
19.0	22.0	31.0	+1
116.0	57.0	39.0	+1
216.0	233.0	165.0	+1
24.0	38.0	67.0	+1
112.0	65.0	55.0	+1
25.0	57.0	82.0	-1
21.0	52.0	80.0	-1
12.0	14.0	13.0	+1
143.0	85.0	73.0	+1
20.0	58.0	77.0	-1
20.0	32.0	46.0	+1
96.0	41.0	34.0	+1
12.0	16.0	15.0	+1
50.0	109.0	127.0	-1
38.0	96.0	133.0	-1
75.0	32.0	26.0	+1
20.0	35.0	56.0	+1
23.0	43.0	67.0	-1
8.0	10.0	7.0	+1
19.0	23.0	34.0	+1
20.0	23.0	42.0	+1
11.0	15.0	16.0	+1
20.0	33.0	52.0	+1
178.0	164.0	127.0	+1
78.0	35.0	29.0	+1
30.0	31.0	26.0	+1
25.0	27.0	24.0	+1
161.0	120.0	92.0	+1
13.0	15.0	12.0	+1
13.0	15.0	14.0	+1
19.0	26.0	44.0	+1
11.0	13.0	10.0	+1
51.0	114.0	145.0	-1
22.0	38.0	61.0	+1
33.0	78.0	109.0	-1
10.0	12.0	9.0	+1
28.0	64.0	86.0	-1
92.0	42.0	33.0	+1
111.0	57.0	45.0	+1
27.0	71.0	106.0	-1
22.0	39.0	65.0	+1
225.0	188.0	135.0	+1
19.0	19.0	31.0	+1
12.0	14.0	13.0	+1
240.0	240.0	240.0	+1
82.0	39.0	32.0	+1
30.0	78.0	114.0	-1
22.0	38.0	54.0	+1
133.0	113.0	80.0	+1
28.0	66.0	102.0	-1
18.0	34.0	50.0	+1
27.0	44.0	70.0	-1
9.0	11.0	10.0	+1
92.0	43.0	38.0	+1
20.0	23.0	32.0	+1
13.0	15.0	12.0	+1
13.0	15.0	12.0	+1
18.0	23.0	19.0	+1
144.0	124.0	99.0	+1
22.0	37.0	60.0	+1
85.0	32.0	26.0	+1
28.0	63.0	95.0	-1
79.0	62.0	46.0	+1
10.0	12.0	11.0	+1
14.0	14.0	12.0	+1
83.0	43.0	33.0	+1
28.0	42.0	55.0	+1
30.0	70.0	72.0	-1
23.0	40.0	60.0	+1
23.0	57.0	84.0	-1
24.0	65.0	97.0	-1
25.0	45.0	69.0	-1
25.0	36.0	64.0	+1
22.0	46.0	72.0	-1
8.0	14.0	12.0	+1
15.0	15.0	13.0	+1
24.0	59.0	89.0	-1
18.0	19.0	11.0	+1
23.0	31.0	52.0	+1
166.0	126.0	90.0	+1
68.0	31.0	23.0	+1
119.0	132.0	112.0	+1
239.0	241.0	238.0	+1
34.0	79.0	112.0	-1
16.0	23.0	33.0	+1
19.0	53.0	65.0	-1
8.0	10.0	7.0	+1
14.0	16.0	13.0	+1
10.0	12.0	11.0	+1
17.0	23.0	35.0	+1
96.0	108.0	96.0	-1
12.0	14.0	13.0	+1
227.0	187.0	135.0	+1
217.0	169.0	121.0	+1
26.0	57.0	86.0	-1
101.0	47.0	35.0	+1
14.0	14.0	12.0	+1
168.0	127.0	99.0	+1
115.0	128.0	108.0	+1
146.0	133.0	101.0	+1
23.0	28.0	31.0	+1
25.0	34.0	31.0	+1
86.0	37.0	32.0	+1
96.0	107.0	91.0	+1
42.0	122.0	147.0	-1
33.0	98.0	126.0	-1
136.0	104.0	83.0	+1
58.0	65.0	57.0	+1
22.0	22.0	32.0	+1
64.0	85.0	88.0	-1
44.0	120.0	152.0	-1
88.0	44.0	33.0	+1
17.0	30.0	47.0	+1
49.0	88.0	85.0	-1
39.0	113.0	150.0	-1
19.0	22.0	37.0	+1
24.0	31.0	39.0	+1
13.0	13.0	13.0	+1
37.0	90.0	121.0	-1
40.0	91.0	122.0	-1
108.0	60.0	38.0	+1
46.0	102.0	125.0	-1
119.0	131.0	111.0	+1
80.0	38.0	26.0	+1
92.0	48.0	35.0	+1
24.0	50.0	77.0	-1
98.0	47.0	28.0	+1
24.0	51.0	80.0	-1
141.0	99.0	75.0	+1
27.0	72.0	105.0	-1
116.0	127.0	110.0	+1
67.0	92.0	96.0	-1
88.0	38.0	31.0	+1
29.0	70.0	100.0	-1
107.0	47.0	37.0	+1
29.0	75.0	111.0	-1
70.0	76.0	64.0	+1
13.0	13.0	11.0	+1
28.0	50.0	74.0	-1
15.0	17.0	14.0	+1
45.0	95.0	104.0	-1
46.0	107.0	126.0	-1
121.0	133.0	113.0	+1
15.0	15.0	13.0	+1
12.0	14.0	11.0	+1
26.0	65.0	98.0	-1
166.0	146.0	113.0	+1
27.0	63.0	95.0	-1
28.0	30.0	27.0	+1
95.0	38.0	29.0	+1
76.0	33.0	27.0	+1
39.0	103.0	141.0	-1
28.0	63.0	95.0	-1
25.0	31.0	55.0	+1
135.0	63.0	49.0	+1
27.0	56.0	88.0	-1
9.0	11.0	10.0	+1
36.0	79.0	111.0	-1
31.0	53.0	74.0	-1
177.0	160.0	114.0	+1
11.0	13.0	12.0	+1
119.0	72.0	56.0	+1
13.0	13.0	11.0	+1
25.0	55.0	81.0	-1
133.0	83.0	60.0	+1
24.0	51.0	81.0	-1
38.0	42.0	41.0	+1
13.0	15.0	12.0	+1
28.0	72.0	107.0	-1
21.0	52.0	81.0	-1
11.0	13.0	12.0	+1
11.0	13.0	12.0	+1
17.0	19.0	16.0	+1
175.0	145.0	111.0	+1
27.0	55.0	76.0	-1
111.0	118.0	102.0	+1
25.0	42.0	70.0	-1
16.0	23.0	29.0	+1
47.0	133.0	168.0	-1
12.0	14.0	11.0	+1
11.0	13.0	8.0	+1
14.0	16.0	13.0	+1
143.0	100.0	66.0	+1
13.0	13.0	11.0	+1
20.0	36.0	61.0	+1
111.0	59.0	38.0	+1
48.0	54.0	54.0	+1
89.0	39.0	30.0	+1
105.0	68.0	49.0	+1
26.0	66.0	101.0	-1
15.0	15.0	13.0	+1
18.0	24.0	40.0	+1
58.0	65.0	58.0	+1
26.0	53.0	82.0	-1
24.0	38.0	39.0	+1
12.0	14.0	13.0	+1
16.0	18.0	15.0	+1
25.0	27.0	24.0	+1
38.0	96.0	133.0	-1
23.0	41.0	61.0	+1
119.0	131.0	111.0	+1
84.0	39.0	33.0	+1
30.0	78.0	114.0	-1
153.0	118.0	86.0	+1
73.0	186.0	204.0	-1
36.0	76.0	102.0	-1
20.0	20.0	32.0	+1
19.0	26.0	44.0	+1
42.0	99.0	118.0	-1
12.0	14.0	11.0	+1
58.0	58.0	50.0	+1
11.0	13.0	10.0	+1
22.0	37.0	60.0	+1
79.0	39.0	29.0	+1
19.0	30.0	50.0	+1
42.0	75.0	84.0	-1
14.0	14.0	12.0	+1
185.0	154.0	99.0	+1
9.0	11.0	10.0	+1
106.0	75.0	47.0	+1
156.0	129.0	99.0	+1
22.0	40.0	64.0	+1
21.0	35.0	61.0	+1
93.0	60.0	45.0	+1
13.0	22.0	39.0	+1
41.0	49.0	38.0	+1
106.0	117.0	101.0	+1
20.0	33.0	52.0	+1
26.0	65.0	96.0	-1
23.0	54.0	83.0	-1
13.0	15.0	12.0	+1
18.0	42.0	68.0	-1
14.0	16.0	13.0	+1
14.0	16.0	15.0	+1
21.0	36.0	65.0	+1
13.0	13.0	11.0	+1
101.0	53.0	41.0	+1
27.0	55.0	79.0	-1
58.0	25.0	20.0	+1
196.0	157.0	116.0	+1
12.0	14.0	13.0	+1
30.0	66.0	100.0	-1
27.0	62.0	90.0	-1
103.0	117.0	104.0	-1
86.0	44.0	32.0	+1
70.0	30.0	22.0	+1
112.0	127.0	106.0	+1
14.0	16.0	13.0	+1
12.0	14.0	11.0	+1
144.0	120.0	86.0	+1
11.0	13.0	12.0	+1
24.0	45.0	66.0	-1
13.0	15.0	12.0	+1
28.0	63.0	91.0	-1
40.0	112.0	137.0	-1
23.0	58.0	90.0	-1
18.0	21.0	36.0	+1
28.0	29.0	24.0	+1
28.0	65.0	94.0	-1
103.0	49.0	39.0	+1
23.0	63.0	99.0	-1
24.0	54.0	78.0	-1
45.0	67.0	80.0	-1
73.0	33.0	25.0	+1
152.0	110.0	86.0	+1
157.0	123.0	86.0	+1
32.0	86.0	124.0	-1
26.0	47.0	76.0	-1
28.0	28.0	26.0	+1
25.0	55.0	83.0	-1
190.0	141.0	100.0	+1
113.0	72.0	52.0	+1
46.0	51.0	57.0	+1
13.0	15.0	12.0	+1
28.0	55.0	82.0	-1
124.0	83.0	63.0	+1
148.0	94.0	68.0	+1
47.0	123.0	146.0	-1
32.0	73.0	103.0	-1
11.0	13.0	12.0	+1
83.0	38.0	32.0	+1
23.0	38.0	57.0	+1
21.0	27.0	23.0	+1
128.0	101.0	72.0	+1
171.0	157.0	120.0	+1
29.0	45.0	68.0	-1
11.0	13.0	10.0	+1
14.0	16.0	13.0	+1
15.0	24.0	41.0	+1
20.0	34.0	60.0	+1
12.0	12.0	10.0	+1
67.0	77.0	68.0	+1
154.0	130.0	104.0	+1
117.0	72.0	53.0	+1
28.0	54.0	81.0	-1
19.0	20.0	15.0	+1
13.0	15.0	10.0	+1
12.0	14.0	11.0	+1
25.0	39.0	65.0	+1
38.0	80.0	104.0	-1
11.0	13.0	12.0	+1
24.0	56.0	81.0	-1
19.0	35.0	61.0	+1
5.0	5.0	5.0	+1
9.0	11.0	10.0	+1
21.0	34.0	50.0	+1
118.0	95.0	61.0	+1
79.0	45.0	36.0	+1
13.0	15.0	14.0	+1
23.0	49.0	76.0	-1
27.0	68.0	98.0	-1
29.0	59.0	85.0	-1
201.0	167.0	119.0	+1
30.0	58.0	80.0	-1
16.0	34.0	54.0	+1
84.0	47.0	38.0	+1
23.0	53.0	77.0	-1
110.0	75.0	55.0	+1
0.0	0.0	0.0	+1
35.0	73.0	96.0	-1
160.0	153.0	127.0	+1
23.0	38.0	61.0	+1
87.0	53.0	41.0	+1
34.0	94.0	130.0	-1
47.0	49.0	48.0	+1
13.0	15.0	14.0	+1
154.0	126.0	89.0	+1
24.0	45.0	72.0	-1
26.0	38.0	64.0	+1
13.0	13.0	11.0	+1
47.0	95.0	118.0	-1
12.0	14.0	11.0	+1
150.0	120.0	96.0	+1
22.0	52.0	80.0	-1
6.0	6.0	6.0	+1
72.0	27.0	24.0	+1
13.0	13.0	11.0	+1
28.0	71.0	103.0	-1
117.0	129.0	109.0	+1
23.0	25.0	22.0	+1
38.0	112.0	147.0	-1
25.0	43.0	67.0	-1
95.0	47.0	37.0	+1
22.0	50.0	71.0	-1
67.0	37.0	26.0	+1
38.0	84.0	107.0	-1
118.0	131.0	113.0	+1
24.0	58.0	93.0	-1
95.0	124.0	104.0	-1
67.0	32.0	26.0	+1
133.0	92.0	74.0	+1
23.0	46.0	77.0	-1
69.0	36.0	27.0	+1
9.0	11.0	10.0	+1
45.0	111.0	143.0	-1
84.0	34.0	25.0	+1
10.0	12.0	11.0	+1
12.0	14.0	11.0	+1
28.0	30.0	29.0	+1
35.0	69.0	96.0	-1
28.0	64.0	90.0	-1
76.0	42.0	33.0	+1
26.0	68.0	93.0	-1
27.0	61.0	86.0	-1
104.0	47.0	36.0	+1
27.0	64.0	91.0	-1
14.0	16.0	15.0	+1
18.0	18.0	30.0	+1
123.0	78.0	59.0	+1
138.0	127.0	97.0	+1
21.0	36.0	59.0	+1
104.0	59.0	53.0	+1
66.0	31.0	25.0	+1
13.0	15.0	14.0	+1
20.0	27.0	45.0	+1
148.0	99.0	69.0	+1
76.0	33.0	26.0	+1
27.0	63.0	97.0	-1
18.0	24.0	40.0	+1
149.0	123.0	86.0	+1
163.0	99.0	71.0	+1
10.0	12.0	11.0	+1
10.0	12.0	9.0	+1
22.0	43.0	60.0	+1
31.0	64.0	95.0	-1
13.0	13.0	15.0	+1
27.0	30.0	11.0	+1
18.0	25.0	33.0	+1
20.0	53.0	84.0	-1
21.0	23.0	20.0	+1
57.0	26.0	21.0	+1
32.0	72.0	107.0	-1
11.0	13.0	12.0	+1
24.0	48.0	72.0	-1
24.0	46.0	70.0	-1
24.0	50.0	73.0	-1
27.0	61.0	88.0	-1
23.0	47.0	73.0	-1
15.0	17.0	16.0	+1
15.0	24.0	29.0	+1
10.0	12.0	11.0	+1
0.0	0.0	0.0	+1
28.0	65.0	92.0	-1
53.0	32.0	27.0	+1
13.0	15.0	14.0	+1
229.0	239.0	140.0	+1
127.0	79.0	56.0	+1
21.0	42.0	69.0	-1
112.0	127.0	106.0	+1
47.0	97.0	122.0	-1
11.0	12.0	14.0	+1
95.0	47.0	33.0	+1
20.0	29.0	44.0	+1
77.0	33.0	24.0	+1
118.0	131.0	111.0	+1
102.0	65.0	57.0	+1
30.0	71.0	101.0	-1
12.0	14.0	11.0	+1
36.0	106.0	132.0	-1
58.0	99.0	119.0	-1
20.0	51.0	82.0	-1
22.0	27.0	23.0	+1
22.0	33.0	55.0	+1
11.0	13.0	10.0	+1
28.0	65.0	91.0	-1
141.0	100.0	70.0	+1
50.0	73.0	79.0	-1
21.0	36.0	59.0	+1
35.0	78.0	113.0	-1
163.0	129.0	92.0	+1
14.0	16.0	15.0	+1
130.0	92.0	69.0	+1
12.0	14.0	13.0	+1
144.0	99.0	78.0	+1
23.0	41.0	63.0	+1
19.0	22.0	41.0	+1
10.0	12.0	11.0	+1
30.0	64.0	99.0	-1
29.0	55.0	82.0	-1
30.0	77.0	107.0	-1
17.0	26.0	43.0	+1
196.0	162.0	116.0	+1
16.0	17.0	12.0	+1
17.0	21.0	33.0	+1
19.0	21.0	20.0	+1
73.0	34.0	27.0	+1
113.0	130.0	112.0	+1
13.0	13.0	11.0	+1
83.0	46.0	27.0	+1
22.0	34.0	58.0	+1
9.0	11.0	8.0	+1
17.0	19.0	32.0	+1
19.0	23.0	34.0	+1
22.0	23.0	18.0	+1
19.0	23.0	35.0	+1
23.0	41.0	61.0	+1
32.0	68.0	92.0	-1
12.0	14.0	11.0	+1
23.0	51.0	75.0	-1
25.0	56.0	76.0	-1
14.0	14.0	12.0	+1
87.0	43.0	34.0	+1
118.0	129.0	113.0	+1
93.0	39.0	29.0	+1
139.0	123.0	90.0	+1
31.0	72.0	104.0	-1
101.0	62.0	47.0	+1
0.0	0.0	0.0	+1
141.0	96.0	77.0	+1
14.0	18.0	19.0	+1
29.0	49.0	76.0	-1
92.0	56.0	40.0	+1
163.0	118.0	95.0	+1
24.0	69.0	98.0	-1
27.0	62.0	94.0	-1
36.0	17.0	10.0	+1
21.0	21.0	19.0	+1
23.0	45.0	66.0	-1
11.0	13.0	10.0	+1
15.0	17.0	14.0	+1
107.0	116.0	111.0	-1
110.0	73.0	54.0	+1
21.0	28.0	46.0	+1
20.0	22.0	35.0	+1
112.0	50.0	39.0	+1
10.0	12.0	11.0	+1
12.0	14.0	11.0	+1
9.0	11.0	8.0	+1
10.0	12.0	11.0	+1
41.0	114.0	146.0	-1
5.0	5.0	5.0	+1
55.0	103.0	123.0	-1
24.0	41.0	67.0	-1
28.0	67.0	96.0	-1
25.0	46.0	73.0	-1
11.0	11.0	11.0	+1
10.0	12.0	11.0	+1
14.0	16.0	15.0	+1
10.0	12.0	11.0	+1
29.0	73.0	108.0	-1
96.0	49.0	41.0	+1
12.0	14.0	13.0	+1
231.0	241.0	144.0	+1
112.0	129.0	113.0	+1
18.0	19.0	14.0	+1
14.0	19.0	13.0	+1
12.0	14.0	11.0	+1
101.0	65.0	51.0	+1
46.0	84.0	97.0	-1
217.0	175.0	127.0	+1
169.0	119.0	92.0	+1
27.0	40.0	57.0	+1
11.0	13.0	12.0	+1
21.0	27.0	41.0	+1
24.0	44.0	69.0	-1
207.0	177.0	127.0	+1
52.0	58.0	46.0	+1
61.0	32.0	26.0	+1
17.0	19.0	31.0	+1
61.0	132.0	154.0	-1
48.0	101.0	117.0	-1
22.0	58.0	92.0	-1
14.0	14.0	12.0	+1
24.0	31.0	57.0	+1
26.0	46.0	70.0	-1
14.0	14.0	12.0	+1
33.0	107.0	136.0	-1
4.0	4.0	4.0	+1
10.0	12.0	9.0	+1
28.0	61.0	92.0	-1
21.0	42.0	63.0	+1
81.0	32.0	27.0	+1
24.0	58.0	93.0	-1
33.0	73.0	108.0	-1
123.0	64.0	50.0	+1
158.0	152.0	136.0	+1
165.0	134.0	88.0	+1
21.0	33.0	55.0	+1
147.0	117.0	83.0	+1
35.0	82.0	100.0	-1
18.0	21.0	28.0	+1
79.0	32.0	24.0	+1
27.0	57.0	81.0	-1
9.0	11.0	8.0	+1
18.0	30.0	44.0	+1
26.0	41.0	70.0	-1
0.0	0.0	0.0	+1
25.0	52.0	79.0	-1
9.0	11.0	8.0	+1
19.0	27.0	50.0	+1
10.0	12.0	9.0	+1
27.0	58.0	89.0	-1
25.0	56.0	87.0	-1
182.0	142.0	106.0	+1
90.0	43.0	33.0	+1
10.0	12.0	9.0	+1
28.0	67.0	100.0	-1
72.0	37.0	31.0	+1
12.0	14.0	13.0	+1
176.0	158.0	122.0	+1
21.0	45.0	69.0	-1
30.0	61.0	92.0	-1
23.0	57.0	85.0	-1
19.0	23.0	35.0	+1
87.0	40.0	30.0	+1
226.0	241.0	136.0	+1
0.0	0.0	0.0	+1
30.0	74.0	109.0	-1
144.0	137.0	108.0	+1
56.0	95.0	92.0	-1
13.0	15.0	12.0	+1
19.0	23.0	24.0	+1
56.0	27.0	21.0	+1
12.0	14.0	11.0	+1
21.0	34.0	53.0	+1
23.0	39.0	65.0	+1
23.0	49.0	74.0	-1
9.0	11.0	8.0	+1
72.0	42.0	34.0	+1
14.0	16.0	28.0	+1
28.0	72.0	109.0	-1
26.0	50.0	78.0	-1
23.0	53.0	79.0	-1
10.0	14.0	15.0	+1
91.0	41.0	32.0	+1
51.0	56.0	49.0	+1
43.0	103.0	131.0	-1
59.0	77.0	77.0	-1
18.0	42.0	68.0	-1
48.0	122.0	147.0	-1
18.0	22.0	33.0	+1
173.0	145.0	105.0	+1
15.0	17.0	14.0	+1
107.0	55.0	42.0	+1
28.0	77.0	110.0	-1
93.0	50.0	33.0	+1
11.0	13.0	10.0	+1
29.0	75.0	109.0	-1
13.0	15.0	14.0	+1
32.0	63.0	84.0	-1
10.0	12.0	9.0	+1
11.0	13.0	12.0	+1
96.0	102.0	88.0	+1
134.0	117.0	87.0	+1
118.0	129.0	112.0	+1
26.0	53.0	82.0	-1
10.0	12.0	9.0	+1
85.0	47.0	36.0	+1
27.0	56.0	86.0	-1
11.0	13.0	10.0	+1
172.0	116.0	81.0	+1
78.0	38.0	30.0	+1
8.0	10.0	7.0	+1
12.0	16.0	17.0	+1
24.0	56.0	81.0	-1
189.0	209.0	184.0	+1
133.0	91.0	67.0	+1
10.0	12.0	9.0	+1
22.0	35.0	54.0	+1
13.0	15.0	12.0	+1
10.0	12.0	11.0	+1
199.0	154.0	113.0	+1
23.0	44.0	63.0	+1
10.0	12.0	9.0	+1
11.0	13.0	10.0	+1
17.0	17.0	15.0	+1
41.0	107.0	141.0	-1
86.0	43.0	37.0	+1
45.0	118.0	153.0	-1
234.0	228.0	176.0	+1
11.0	13.0	10.0	+1
179.0	125.0	89.0	+1
10.0	12.0	11.0	+1
60.0	27.0	20.0	+1
168.0	115.0	84.0	+1
161.0	110.0	81.0	+1
22.0	26.0	27.0	+1
21.0	23.0	20.0	+1
90.0	40.0	33.0	+1
122.0	92.0	68.0	+1
14.0	16.0	11.0	+1
25.0	45.0	70.0	-1
78.0	36.0	24.0	+1
23.0	47.0	71.0	-1
26.0	65.0	104.0	-1
14.0	14.0	12.0	+1
23.0	50.0	80.0	-1
21.0	46.0	68.0	-1
15.0	17.0	14.0	+1
22.0	44.0	68.0	-1
28.0	29.0	24.0	+1
152.0	130.0	89.0	+1
27.0	45.0	67.0	-1
26.0	62.0	88.0	-1
100.0	40.0	32.0	+1
110.0	58.0	44.0	+1
41.0	86.0	117.0	-1
25.0	27.0	24.0	+1
12.0	12.0	10.0	+1
108.0	62.0	39.0	+1
18.0	33.0	52.0	+1
19.0	26.0	44.0	+1
26.0	53.0	70.0	-1
13.0	15.0	12.0	+1
30.0	30.0	28.0	+1
73.0	35.0	22.0	+1
239.0	239.0	237.0	+1
29.0	70.0	102.0	-1
85.0	41.0	28.0	+1
22.0	27.0	33.0	+1
12.0	16.0	15.0	+1
26.0	28.0	25.0	+1
49.0	97.0	111.0	-1
59.0	29.0	21.0	+1
8.0	10.0	7.0	+1
29.0	68.0	101.0	-1
124.0	71.0	53.0	+1
9.0	11.0	8.0	+1
12.0	14.0	11.0	+1
21.0	23.0	20.0	+1
19.0	19.0	17.0	+1
22.0	46.0	70.0	-1
33.0	54.0	47.0	+1
10.0	12.0	11.0	+1
13.0	15.0	14.0	+1
17.0	26.0	43.0	+1
130.0	83.0	67.0	+1
22.0	44.0	68.0	-1
110.0	53.0	44.0	+1
44.0	71.0	88.0	-1
9.0	11.0	8.0	+1
201.0	161.0	125.0	+1
38.0	112.0	149.0	-1
25.0	51.0	78.0	-1
25.0	27.0	24.0	+1
14.0	14.0	12.0	+1
12.0	14.0	13.0	+1
28.0	32.0	33.0	+1
12.0	14.0	11.0	+1
218.0	238.0	143.0	+1
101.0	54.0	36.0	+1
26.0	43.0	73.0	-1
18.0	20.0	17.0	+1
193.0	163.0	111.0	+1
39.0	107.0	144.0	-1
65.0	77.0	67.0	+1
227.0	194.0	141.0	+1
224.0	239.0	134.0	+1
109.0	55.0	43.0	+1
22.0	52.0	76.0	-1
27.0	48.0	69.0	-1
13.0	15.0	12.0	+1
134.0	92.0	67.0	+1
86.0	43.0	36.0	+1
11.0	13.0	10.0	+1
24.0	61.0	70.0	-1
22.0	33.0	55.0	+1
67.0	77.0	66.0	+1
22.0	44.0	65.0	+1
29.0	72.0	106.0	-1
87.0	40.0	32.0	+1
0.0	0.0	0.0	+1
149.0	102.0	74.0	+1
23.0	27.0	30.0	+1
76.0	38.0	29.0	+1
12.0	14.0	11.0	+1
13.0	15.0	12.0	+1
10.0	10.0	10.0	+1
14.0	15.0	10.0	+1
12.0	17.0	11.0	+1
31.0	67.0	93.0	-1
144.0	106.0	87.0	+1
97.0	50.0	40.0	+1
14.0	16.0	13.0	+1
28.0	63.0	95.0	-1
29.0	78.0	111.0	-1
24.0	55.0	73.0	-1
99.0	105.0	101.0	-1
20.0	25.0	44.0	+1
19.0	22.0	37.0	+1
173.0	127.0	94.0	+1
13.0	13.0	11.0	+1
12.0	14.0	13.0	+1
20.0	29.0	46.0	+1
9.0	14.0	17.0	+1
9.0	11.0	8.0	+1
26.0	72.0	105.0	-1
63.0	107.0	116.0	-1
101.0	51.0	40.0	+1
14.0	14.0	12.0	+1
107.0	58.0	44.0	+1
26.0	67.0	97.0	-1
33.0	69.0	105.0	-1
21.0	55.0	80.0	-1
12.0	14.0	11.0	+1
24.0	54.0	80.0	-1
18.0	21.0	28.0	+1
28.0	68.0	94.0	-1
27.0	57.0	81.0	-1
16.0	27.0	45.0	+1
157.0	131.0	94.0	+1
191.0	157.0	112.0	+1
94.0	60.0	48.0	+1
150.0	118.0	93.0	+1
26.0	34.0	57.0	+1
11.0	13.0	10.0	+1
28.0	72.0	101.0	-1
114.0	69.0	46.0	+1
21.0	43.0	64.0	+1
40.0	87.0	105.0	-1
28.0	75.0	105.0	-1
35.0	93.0	130.0	-1
24.0	52.0	74.0	-1
135.0	82.0	66.0	+1
42.0	51.0	46.0	+1
45.0	129.0	163.0	-1
89.0	52.0	43.0	+1
89.0	39.0	32.0	+1
91.0	42.0	28.0	+1
11.0	13.0	10.0	+1
225.0	188.0	136.0	+1
110.0	82.0	58.0	+1
10.0	12.0	11.0	+1
153.0	136.0	106.0	+1
42.0	115.0	150.0	-1
9.0	9.0	7.0	+1
174.0	149.0	109.0	+1
28.0	29.0	23.0	+1
17.0	18.0	23.0	+1
190.0	138.0	99.0	+1
27.0	46.0	76.0	-1
13.0	15.0	12.0	+1
10.0	12.0	9.0	+1
28.0	59.0	87.0	-1
22.0	57.0	89.0	-1
11.0	13.0	12.0	+1
24.0	43.0	60.0	+1
13.0	15.0	12.0	+1
166.0	138.0	101.0	+1
13.0	15.0	14.0	+1
37.0	82.0	111.0	-1
8.0	10.0	7.0	+1
15.0	17.0	16.0	+1
13.0	15.0	12.0	+1
25.0	69.0	106.0	-1
28.0	55.0	74.0	-1
28.0	71.0	105.0	-1
22.0	51.0	81.0	-1
10.0	12.0	11.0	+1
178.0	126.0	87.0	+1
12.0	14.0	11.0	+1
9.0	11.0	8.0	+1
76.0	36.0	24.0	+1
14.0	14.0	12.0	+1
13.0	15.0	12.0	+1
9.0	11.0	8.0	+1
23.0	45.0	68.0	-1
118.0	54.0	42.0	+1
79.0	89.0	80.0	-1
21.0	42.0	73.0	-1
15.0	15.0	13.0	+1
20.0	24.0	33.0	+1
10.0	12.0	11.0	+1
13.0	15.0	14.0	+1
22.0	39.0	59.0	+1
10.0	12.0	9.0	+1
39.0	105.0	121.0	-1
168.0	148.0	98.0	+1
205.0	171.0	125.0	+1
31.0	63.0	88.0	-1
12.0	15.0	8.0	+1
12.0	14.0	11.0	+1
37.0	94.0	121.0	-1
8.0	10.0	7.0	+1
13.0	15.0	14.0	+1
27.0	53.0	76.0	-1
24.0	57.0	90.0	-1
33.0	66.0	97.0	-1
162.0	127.0	95.0	+1
232.0	217.0	158.0	+1
152.0	116.0	84.0	+1
108.0	67.0	49.0	+1
31.0	79.0	117.0	-1
70.0	35.0	29.0	+1
178.0	158.0	131.0	+1
98.0	58.0	46.0	+1
83.0	60.0	46.0	+1
12.0	16.0	15.0	+1
110.0	57.0	43.0	+1
10.0	12.0	9.0	+1
16.0	25.0	40.0	+1
21.0	41.0	66.0	+1
21.0	24.0	43.0	+1
13.0	15.0	12.0	+1
12.0	14.0	13.0	+1
17.0	21.0	20.0	+1
23.0	47.0	71.0	-1
16.0	18.0	15.0	+1
33.0	52.0	46.0	+1
27.0	58.0	89.0	-1
39.0	101.0	138.0	-1
217.0	184.0	133.0	+1
16.0	18.0	17.0	+1
104.0	57.0	47.0	+1
23.0	23.0	21.0	+1
37.0	97.0	121.0	-1
119.0	130.0	113.0	+1
21.0	60.0	91.0	-1
28.0	38.0	47.0	+1
179.0	151.0	111.0	+1
34.0	77.0	109.0	-1
15.0	17.0	14.0	+1
23.0	45.0	66.0	-1
11.0	13.0	10.0	+1
31.0	68.0	95.0	-1
9.0	11.0	10.0	+1
185.0	142.0	107.0	+1
10.0	12.0	9.0	+1
71.0	93.0	80.0	-1
154.0	125.0	93.0	+1
11.0	13.0	10.0	+1
128.0	75.0	57.0	+1
88.0	40.0	36.0	+1
12.0	14.0	11.0	+1
10.0	12.0	11.0	+1
64.0	34.0	26.0	+1
70.0	76.0	62.0	+1
83.0	43.0	35.0	+1
5.0	5.0	5.0	+1
17.0	18.0	23.0	+1
17.0	19.0	18.0	+1
94.0	39.0	34.0	+1
15.0	17.0	16.0	+1
11.0	13.0	12.0	+1
31.0	65.0	93.0	-1
15.0	17.0	14.0	+1
17.0	27.0	39.0	+1
27.0	88.0	93.0	-1
36.0	77.0	107.0	-1
191.0	170.0	105.0	+1
20.0	22.0	19.0	+1
23.0	45.0	66.0	-1
17.0	22.0	26.0	+1
69.0	36.0	29.0	+1
99.0	46.0	38.0	+1
15.0	17.0	16.0	+1
11.0	13.0	12.0	+1
18.0	22.0	34.0	+1
31.0	80.0	113.0	-1
9.0	11.0	8.0	+1
26.0	36.0	38.0	+1
22.0	29.0	57.0	+1
12.0	14.0	11.0	+1
144.0	104.0	79.0	+1
20.0	22.0	34.0	+1
29.0	85.0	120.0	-1
135.0	110.0	80.0	+1
17.0	25.0	27.0	+1
186.0	209.0	157.0	+1
15.0	17.0	16.0	+1
117.0	129.0	109.0	+1
97.0	40.0	31.0	+1
29.0	63.0	88.0	-1
10.0	12.0	9.0	+1
110.0	63.0	45.0	+1
22.0	33.0	53.0	+1
62.0	32.0	24.0	+1
177.0	154.0	112.0	+1
25.0	52.0	73.0	-1
19.0	24.0	27.0	+1
25.0	56.0	77.0	-1
107.0	80.0	63.0	+1
182.0	150.0	112.0	+1
22.0	32.0	57.0	+1
28.0	63.0	93.0	-1
20.0	38.0	60.0	+1
28.0	61.0	96.0	-1
101.0	57.0	44.0	+1
33.0	74.0	102.0	-1
24.0	39.0	60.0	+1
76.0	31.0	26.0	+1
10.0	12.0	9.0	+1
17.0	20.0	27.0	+1
95.0	55.0	43.0	+1
25.0	29.0	38.0	+1
38.0	98.0	134.0	-1
162.0	149.0	117.0	+1
19.0	22.0	29.0	+1
15.0	19.0	18.0	+1
94.0	52.0	38.0	+1
27.0	58.0	79.0	-1
27.0	87.0	123.0	-1
21.0	28.0	36.0	+1
117.0	130.0	113.0	+1
24.0	59.0	91.0	-1
15.0	22.0	40.0	+1
13.0	15.0	12.0	+1
19.0	34.0	57.0	+1
17.0	16.0	22.0	+1
42.0	103.0	122.0	-1
18.0	20.0	33.0	+1
12.0	14.0	11.0	+1
11.0	13.0	12.0	+1
103.0	65.0	56.0	+1
11.0	13.0	12.0	+1
33.0	35.0	32.0	+1
162.0	141.0	112.0	+1
0.0	0.0	0.0	+1
59.0	30.0	16.0	+1
11.0	13.0	12.0	+1
16.0	18.0	15.0	+1
22.0	24.0	21.0	+1
9.0	11.0	8.0	+1
12.0	14.0	11.0	+1
26.0	53.0	80.0	-1
24.0	65.0	97.0	-1
60.0	162.0	187.0	-1
121.0	132.0	115.0	+1
128.0	81.0	65.0	+1
25.0	52.0	79.0	-1
0.0	0.0	0.0	+1
13.0	15.0	12.0	+1
25.0	60.0	92.0	-1
113.0	128.0	109.0	+1
11.0	13.0	12.0	+1
9.0	11.0	8.0	+1
22.0	30.0	53.0	+1
10.0	19.0	14.0	+1
19.0	40.0	59.0	+1
26.0	62.0	96.0	-1
89.0	39.0	30.0	+1
23.0	38.0	69.0	-1
18.0	26.0	47.0	+1
174.0	150.0	112.0	+1
170.0	157.0	123.0	+1
13.0	15.0	12.0	+1
16.0	18.0	15.0	+1
138.0	136.0	115.0	+1
14.0	14.0	12.0	+1
20.0	37.0	57.0	+1
14.0	14.0	12.0	+1
26.0	56.0	92.0	-1
153.0	118.0	86.0	+1
30.0	66.0	100.0	-1
14.0	16.0	13.0	+1
10.0	12.0	11.0	+1
106.0	63.0	54.0	+1
28.0	68.0	103.0	-1
16.0	18.0	15.0	+1
147.0	125.0	88.0	+1
68.0	38.0	30.0	+1
16.0	16.0	14.0	+1
32.0	70.0	106.0	-1
16.0	18.0	17.0	+1
13.0	13.0	11.0	+1
13.0	15.0	12.0	+1
12.0	14.0	13.0	+1
35.0	96.0	117.0	-1
9.0	11.0	8.0	+1
54.0	125.0	153.0	-1
170.0	155.0	124.0	+1
22.0	44.0	68.0	-1
90.0	43.0	35.0	+1
15.0	17.0	14.0	+1
21.0	32.0	50.0	+1
24.0	57.0	88.0	-1
36.0	93.0	110.0	-1
34.0	79.0	112.0	-1
24.0	48.0	72.0	-1
123.0	67.0	52.0	+1
25.0	64.0	95.0	-1
153.0	122.0	91.0	+1
27.0	61.0	89.0	-1
21.0	33.0	49.0	+1
25.0	52.0	81.0	-1
145.0	112.0	77.0	+1
26.0	52.0	75.0	-1
32.0	72.0	107.0	-1
22.0	48.0	73.0	-1
61.0	120.0	136.0	-1
27.0	66.0	99.0	-1
66.0	29.0	23.0	+1
27.0	42.0	45.0	+1
24.0	43.0	60.0	+1
30.0	84.0	108.0	-1
164.0	113.0	82.0	+1
141.0	97.0	70.0	+1
173.0	125.0	89.0	+1
18.0	20.0	33.0	+1
12.0	14.0	11.0	+1
12.0	17.0	11.0	+1
10.0	12.0	11.0	+1
40.0	62.0	60.0	+1
10.0	12.0	11.0	+1
19.0	34.0	53.0	+1
12.0	14.0	13.0	+1
25.0	45.0	72.0	-1
10.0	12.0	9.0	+1
42.0	101.0	131.0	-1
14.0	16.0	13.0	+1
34.0	73.0	104.0	-1
39.0	80.0	98.0	-1
101.0	44.0	33.0	+1
12.0	14.0	9.0	+1
24.0	60.0	94.0	-1
29.0	73.0	100.0	-1
224.0	240.0	141.0	+1
169.0	120.0	88.0	+1
35.0	60.0	80.0	-1
143.0	87.0	70.0	+1
91.0	101.0	93.0	-1
130.0	113.0	95.0	+1
15.0	15.0	13.0	+1
19.0	23.0	35.0	+1
78.0	88.0	77.0	-1
22.0	53.0	81.0	-1
116.0	82.0	57.0	+1
10.0	12.0	11.0	+1
27.0	58.0	79.0	-1
16.0	18.0	15.0	+1
27.0	49.0	72.0	-1
220.0	185.0	131.0	+1
119.0	130.0	113.0	+1
10.0	12.0	9.0	+1
24.0	45.0	66.0	-1
11.0	13.0	10.0	+1
13.0	15.0	14.0	+1
12.0	14.0	11.0	+1
21.0	36.0	57.0	+1
148.0	135.0	100.0	+1
23.0	44.0	65.0	+1
20.0	40.0	64.0	+1
14.0	16.0	13.0	+1
13.0	13.0	11.0	+1
9.0	11.0	10.0	+1
48.0	58.0	47.0	+1
224.0	187.0	134.0	+1
26.0	69.0	103.0	-1
85.0	99.0	100.0	-1
20.0	33.0	50.0	+1
24.0	54.0	78.0	-1
16.0	16.0	18.0	+1
5.0	5.0	5.0	+1
86.0	31.0	24.0	+1
14.0	16.0	13.0	+1
54.0	109.0	130.0	-1
26.0	58.0	83.0	-1
13.0	15.0	14.0	+1
24.0	53.0	83.0	-1
47.0	93.0	90.0	-1
32.0	49.0	69.0	-1
34.0	114.0	141.0	-1
17.0	21.0	33.0	+1
18.0	24.0	38.0	+1
154.0	124.0	96.0	+1
186.0	206.0	181.0	+1
100.0	62.0	49.0	+1
124.0	117.0	91.0	+1
29.0	29.0	27.0	+1
60.0	77.0	84.0	-1
65.0	133.0	154.0	-1
148.0	118.0	80.0	+1
119.0	131.0	111.0	+1
27.0	33.0	55.0	+1
11.0	19.0	21.0	+1
151.0	95.0	70.0	+1
26.0	54.0	76.0	-1
29.0	68.0	101.0	-1
23.0	30.0	49.0	+1
121.0	116.0	94.0	+1
12.0	14.0	13.0	+1
148.0	111.0	84.0	+1
12.0	14.0	13.0	+1
20.0	36.0	59.0	+1
14.0	14.0	12.0	+1
49.0	85.0	97.0	-1
28.0	61.0	96.0	-1
25.0	25.0	23.0	+1
127.0	128.0	112.0	+1
19.0	19.0	29.0	+1
10.0	12.0	9.0	+1
14.0	21.0	31.0	+1
38.0	85.0	113.0	-1
16.0	16.0	14.0	+1
201.0	171.0	101.0	+1
149.0	111.0	88.0	+1
9.0	11.0	8.0	+1
82.0	33.0	28.0	+1
24.0	46.0	70.0	-1
23.0	29.0	45.0	+1
35.0	68.0	99.0	-1
48.0	110.0	131.0	-1
55.0	65.0	57.0	+1
78.0	38.0	30.0	+1
25.0	51.0	86.0	-1
20.0	35.0	56.0	+1
12.0	14.0	11.0	+1
17.0	17.0	15.0	+1
71.0	41.0	33.0	+1
26.0	46.0	71.0	-1
13.0	15.0	12.0	+1
182.0	154.0	115.0	+1
10.0	12.0	9.0	+1
13.0	13.0	11.0	+1
26.0	69.0	104.0	-1
63.0	30.0	25.0	+1
21.0	37.0	53.0	+1
87.0	38.0	33.0	+1
10.0	12.0	9.0	+1
58.0	148.0	175.0	-1
117.0	128.0	111.0	+1
64.0	98.0	99.0	-1
83.0	78.0	75.0	+1
20.0	50.0	74.0	-1
87.0	52.0	30.0	+1
12.0	14.0	11.0	+1
0.0	0.0	0.0	+1
101.0	79.0	66.0	+1
24.0	60.0	94.0	-1
116.0	129.0	111.0	+1
36.0	83.0	99.0	-1
15.0	14.0	12.0	+1
45.0	102.0	132.0	-1
153.0	129.0	95.0	+1
80.0	40.0	28.0	+1
13.0	13.0	11.0	+1
161.0	128.0	85.0	+1
179.0	163.0	129.0	+1
26.0	62.0	98.0	-1
13.0	15.0	14.0	+1
14.0	16.0	13.0	+1
129.0	72.0	63.0	+1
63.0	30.0	25.0	+1
54.0	64.0	63.0	+1
26.0	37.0	33.0	+1
29.0	62.0	95.0	-1
28.0	74.0	110.0	-1
81.0	36.0	30.0	+1
210.0	187.0	111.0	+1
179.0	129.0	94.0	+1
122.0	134.0	112.0	+1
32.0	80.0	116.0	-1
9.0	11.0	8.0	+1
42.0	89.0	117.0	-1
41.0	102.0	131.0	-1
10.0	12.0	9.0	+1
27.0	57.0	85.0	-1
20.0	23.0	38.0	+1
147.0	96.0	69.0	+1
18.0	20.0	17.0	+1
13.0	13.0	11.0	+1
56.0	26.0	24.0	+1
95.0	59.0	37.0	+1
12.0	14.0	11.0	+1
10.0	12.0	9.0	+1
24.0	61.0	88.0	-1
31.0	102.0	130.0	-1
25.0	59.0	84.0	-1
9.0	11.0	10.0	+1
13.0	15.0	12.0	+1
23.0	47.0	73.0	-1
11.0	13.0	12.0	+1
188.0	155.0	112.0	+1
191.0	142.0	99.0	+1
27.0	69.0	94.0	-1
9.0	11.0	10.0	+1
12.0	14.0	11.0	+1
18.0	23.0	26.0	+1
17.0	17.0	15.0	+1
12.0	14.0	11.0	+1
22.0	24.0	21.0	+1
179.0	151.0	114.0	+1
23.0	53.0	79.0	-1
23.0	53.0	87.0	-1
74.0	37.0	28.0	+1
134.0	90.0	65.0	+1
153.0	131.0	92.0	+1
168.0	122.0	89.0	+1
27.0	63.0	95.0	-1
26.0	63.0	90.0	-1
180.0	137.0	102.0	+1
43.0	124.0	145.0	-1
14.0	14.0	12.0	+1
12.0	14.0	13.0	+1
98.0	44.0	34.0	+1
213.0	180.0	127.0	+1
31.0	85.0	123.0	-1
32.0	69.0	96.0	-1
30.0	63.0	94.0	-1
166.0	161.0	141.0	+1
13.0	15.0	12.0	+1
14.0	14.0	12.0	+1
79.0	39.0	31.0	+1
80.0	40.0	30.0	+1
10.0	12.0	11.0	+1
12.0	13.0	8.0	+1
186.0	163.0	121.0	+1
10.0	12.0	9.0	+1
103.0	117.0	102.0	-1
80.0	35.0	29.0	+1
42.0	123.0	150.0	-1
13.0	21.0	32.0	+1
12.0	16.0	15.0	+1
160.0	111.0	79.0	+1
27.0	56.0	90.0	-1
11.0	17.0	13.0	+1
75.0	34.0	28.0	+1
10.0	12.0	11.0	+1
130.0	99.0	81.0	+1
27.0	62.0	94.0	-1
23.0	67.0	104.0	-1
28.0	59.0	87.0	-1
33.0	83.0	116.0	-1
16.0	18.0	17.0	+1
22.0	34.0	60.0	+1
141.0	86.0	56.0	+1
25.0	78.0	110.0	-1
31.0	77.0	100.0	-1
12.0	14.0	11.0	+1
24.0	35.0	57.0	+1
100.0	83.0	55.0	+1
15.0	17.0	16.0	+1
19.0	21.0	20.0	+1
26.0	26.0	24.0	+1
21.0	33.0	49.0	+1
24.0	44.0	77.0	-1
35.0	40.0	36.0	+1
101.0	51.0	40.0	+1
42.0	88.0	112.0	-1
116.0	129.0	111.0	+1
156.0	135.0	104.0	+1
25.0	27.0	22.0	+1
32.0	49.0	69.0	-1
51.0	115.0	140.0	-1
22.0	49.0	76.0	-1
11.0	13.0	10.0	+1
6.0	6.0	6.0	+1
23.0	56.0	87.0	-1
9.0	11.0	10.0	+1
12.0	22.0	24.0	+1
8.0	10.0	7.0	+1
12.0	14.0	11.0	+1
90.0	44.0	31.0	+1
39.0	119.0	146.0	-1
137.0	105.0	82.0	+1
144.0	88.0	65.0	+1
186.0	209.0	183.0	+1
11.0	13.0	12.0	+1
27.0	83.0	116.0	-1
71.0	30.0	26.0	+1
26.0	47.0	78.0	-1
191.0	163.0	124.0	+1
21.0	45.0	71.0	-1
21.0	43.0	64.0	+1
91.0	36.0	31.0	+1
73.0	35.0	26.0	+1
89.0	41.0	31.0	+1
159.0	100.0	68.0	+1
224.0	242.0	220.0	+1
117.0	128.0	111.0	+1
31.0	87.0	124.0	-1
147.0	107.0	82.0	+1
30.0	65.0	95.0	-1
51.0	79.0	83.0	-1
23.0	37.0	63.0	+1
116.0	127.0	110.0	+1
38.0	72.0	97.0	-1
9.0	13.0	12.0	+1
28.0	62.0	99.0	-1
168.0	114.0	86.0	+1
11.0	13.0	10.0	+1
10.0	12.0	11.0	+1
19.0	43.0	71.0	-1
14.0	19.0	15.0	+1
12.0	14.0	11.0	+1
14.0	16.0	15.0	+1
14.0	14.0	12.0	+1
20.0	23.0	28.0	+1
26.0	28.0	25.0	+1
16.0	18.0	15.0	+1
22.0	46.0	70.0	-1
32.0	70.0	107.0	-1
14.0	16.0	15.0	+1
21.0	29.0	48.0	+1
18.0	42.0	52.0	+1
13.0	13.0	11.0	+1
31.0	64.0	71.0	-1
94.0	35.0	29.0	+1
12.0	14.0	11.0	+1
135.0	85.0	60.0	+1
115.0	56.0	40.0	+1
35.0	54.0	86.0	-1
79.0	36.0	30.0	+1
212.0	191.0	136.0	+1
89.0	38.0	34.0	+1
25.0	40.0	69.0	-1
8.0	10.0	7.0	+1
137.0	154.0	138.0	+1
78.0	35.0	29.0	+1
13.0	15.0	14.0	+1
184.0	131.0	99.0	+1
22.0	46.0	74.0	-1
167.0	185.0	163.0	+1
18.0	25.0	43.0	+1
51.0	102.0	129.0	-1
134.0	109.0	78.0	+1
29.0	56.0	85.0	-1
31.0	100.0	131.0	-1
20.0	39.0	43.0	+1
205.0	171.0	125.0	+1
22.0	26.0	38.0	+1
25.0	42.0	68.0	-1
200.0	154.0	105.0	+1
20.0	31.0	53.0	+1
225.0	200.0	144.0	+1
16.0	19.0	26.0	+1
25.0	51.0	74.0	-1
26.0	56.0	80.0	-1
38.0	108.0	133.0	-1
23.0	29.0	45.0	+1
32.0	60.0	84.0	-1
0.0	0.0	0.0	+1
0.0	0.0	0.0	+1
74.0	33.0	27.0	+1
10.0	12.0	11.0	+1
30.0	77.0	107.0	-1
18.0	25.0	35.0	+1
14.0	16.0	13.0	+1
22.0	43.0	70.0	-1
140.0	95.0	64.0	+1
193.0	146.0	104.0	+1
56.0	99.0	116.0	-1
115.0	128.0	111.0	+1
23.0	34.0	52.0	+1
34.0	80.0	114.0	-1
21.0	29.0	50.0	+1
22.0	24.0	21.0	+1
26.0	66.0	101.0	-1
189.0	172.0	129.0	+1
36.0	60.0	70.0	-1
29.0	72.0	106.0	-1
33.0	109.0	143.0	-1
11.0	13.0	10.0	+1
163.0	111.0	72.0	+1
29.0	66.0	95.0	-1
17.0	19.0	18.0	+1
31.0	70.0	103.0	-1
106.0	49.0	40.0	+1
64.0	37.0	28.0	+1
13.0	13.0	11.0	+1
36.0	51.0	56.0	+1
197.0	189.0	143.0	+1
24.0	39.0	60.0	+1
10.0	12.0	11.0	+1
80.0	48.0	35.0	+1
10.0	12.0	9.0	+1
26.0	56.0	80.0	-1
14.0	14.0	12.0	+1
0.0	0.0	0.0	+1
34.0	92.0	106.0	-1
12.0	14.0	13.0	+1
43.0	78.0	108.0	-1
65.0	30.0	26.0	+1
19.0	40.0	61.0	+1
95.0	59.0	47.0	+1
170.0	135.0	107.0	+1
23.0	26.0	45.0	+1
14.0	16.0	13.0	+1
170.0	130.0	95.0	+1
33.0	69.0	95.0	-1
13.0	15.0	12.0	+1
10.0	12.0	11.0	+1
59.0	106.0	132.0	-1
221.0	190.0	143.0	+1
100.0	46.0	36.0	+1
224.0	235.0	157.0	+1
37.0	117.0	144.0	-1
9.0	11.0	8.0	+1
25.0	55.0	83.0	-1
152.0	107.0	78.0	+1
122.0	133.0	116.0	+1
12.0	14.0	11.0	+1
171.0	123.0	87.0	+1
121.0	132.0	115.0	+1
14.0	14.0	12.0	+1
12.0	14.0	11.0	+1
10.0	12.0	9.0	+1
22.0	52.0	86.0	-1
27.0	61.0	88.0	-1
161.0	114.0	84.0	+1
92.0	42.0	33.0	+1
10.0	15.0	9.0	+1
16.0	18.0	30.0	+1
21.0	24.0	39.0	+1
122.0	134.0	114.0	+1
27.0	60.0	93.0	-1
143.0	127.0	101.0	+1
138.0	96.0	71.0	+1
103.0	49.0	37.0	+1
171.0	123.0	87.0	+1
22.0	49.0	76.0	-1
13.0	17.0	16.0	+1
26.0	60.0	87.0	-1
151.0	113.0	92.0	+1
12.0	14.0	13.0	+1
34.0	65.0	83.0	-1
24.0	36.0	62.0	+1
64.0	87.0	81.0	-1
229.0	193.0	141.0	+1
171.0	146.0	116.0	+1
23.0	45.0	68.0	-1
22.0	40.0	64.0	+1
23.0	41.0	55.0	+1
24.0	42.0	62.0	+1
11.0	13.0	10.0	+1
18.0	41.0	47.0	+1
24.0	46.0	69.0	-1
47.0	112.0	142.0	-1
33.0	74.0	106.0	-1
18.0	38.0	62.0	+1
156.0	117.0	88.0	+1
72.0	35.0	27.0	+1
26.0	50.0	76.0	-1
143.0	87.0	60.0	+1
11.0	13.0	12.0	+1
112.0	123.0	106.0	+1
78.0	35.0	29.0	+1
195.0	181.0	144.0	+1
12.0	14.0	11.0	+1
22.0	52.0	76.0	-1
20.0	50.0	78.0	-1
34.0	92.0	129.0	-1
26.0	53.0	80.0	-1
20.0	27.0	46.0	+1
97.0	53.0	40.0	+1
125.0	78.0	58.0	+1
82.0	37.0	31.0	+1
167.0	166.0	146.0	+1
13.0	15.0	12.0	+1
33.0	87.0	125.0	-1
16.0	16.0	14.0	+1
37.0	106.0	145.0	-1
126.0	95.0	67.0	+1
26.0	42.0	65.0	+1
29.0	65.0	99.0	-1
104.0	55.0	41.0	+1
222.0	239.0	135.0	+1
11.0	13.0	10.0	+1
26.0	82.0	117.0	-1
33.0	15.0	11.0	+1
14.0	16.0	13.0	+1
16.0	16.0	14.0	+1
17.0	28.0	30.0	+1
183.0	155.0	108.0	+1
12.0	14.0	11.0	+1
23.0	55.0	78.0	-1
32.0	68.0	100.0	-1
158.0	125.0	84.0	+1
53.0	86.0	103.0	-1
152.0	111.0	79.0	+1
177.0	157.0	122.0	+1
35.0	112.0	140.0	-1
123.0	137.0	122.0	+1
26.0	50.0	76.0	-1
28.0	66.0	89.0	-1
12.0	14.0	11.0	+1
9.0	11.0	8.0	+1
26.0	53.0	72.0	-1
147.0	112.0	92.0	+1
16.0	18.0	15.0	+1
0.0	2.0	1.0	+1
26.0	34.0	57.0	+1
18.0	27.0	42.0	+1
109.0	63.0	40.0	+1
9.0	11.0	8.0	+1
13.0	15.0	12.0	+1
35.0	66.0	86.0	-1
175.0	155.0	128.0	+1
41.0	95.0	131.0	-1
77.0	49.0	37.0	+1
90.0	43.0	35.0	+1
16.0	18.0	17.0	+1
25.0	53.0	67.0	-1
125.0	73.0	60.0	+1
9.0	11.0	10.0	+1
57.0	100.0	117.0	-1
109.0	85.0	57.0	+1
12.0	14.0	11.0	+1
25.0	65.0	101.0	-1
87.0	48.0	33.0	+1
112.0	88.0	60.0	+1
137.0	99.0	80.0	+1
15.0	15.0	13.0	+1
22.0	61.0	92.0	-1
29.0	62.0	93.0	-1
51.0	131.0	156.0	-1
30.0	90.0	118.0	-1
119.0	130.0	113.0	+1
14.0	14.0	12.0	+1
87.0	43.0	32.0	+1
164.0	143.0	98.0	+1
15.0	14.0	12.0	+1
100.0	46.0	36.0	+1
167.0	186.0	166.0	+1
10.0	14.0	15.0	+1
134.0	99.0	77.0	+1
67.0	77.0	68.0	+1
58.0	30.0	27.0	+1
11.0	13.0	10.0	+1
48.0	137.0	169.0	-1
54.0	79.0	84.0	-1
154.0	113.0	83.0	+1
171.0	122.0	89.0	+1
16.0	20.0	31.0	+1
156.0	169.0	151.0	+1
161.0	135.0	112.0	+1
112.0	78.0	51.0	+1
29.0	65.0	89.0	-1
34.0	80.0	113.0	-1
21.0	45.0	69.0	-1
97.0	71.0	44.0	+1
21.0	42.0	69.0	-1
7.0	16.0	13.0	+1
84.0	37.0	31.0	+1
22.0	44.0	65.0	+1
26.0	53.0	80.0	-1
62.0	92.0	102.0	-1
24.0	46.0	70.0	-1
19.0	25.0	39.0	+1
53.0	88.0	94.0	-1
14.0	16.0	13.0	+1
32.0	91.0	123.0	-1
74.0	36.0	27.0	+1
91.0	48.0	39.0	+1
20.0	20.0	18.0	+1
69.0	32.0	26.0	+1
18.0	26.0	39.0	+1
197.0	169.0	122.0	+1
160.0	104.0	77.0	+1
18.0	20.0	17.0	+1
43.0	113.0	115.0	-1
20.0	23.0	30.0	+1
21.0	32.0	52.0	+1
11.0	16.0	10.0	+1
17.0	19.0	34.0	+1
26.0	58.0	96.0	-1
30.0	57.0	64.0	-1
20.0	31.0	49.0	+1
11.0	13.0	12.0	+1
27.0	48.0	67.0	-1
135.0	67.0	46.0	+1
29.0	59.0	93.0	-1
25.0	52.0	47.0	+1
10.0	12.0	11.0	+1
82.0	35.0	27.0	+1
151.0	117.0	92.0	+1
116.0	134.0	122.0	+1
27.0	63.0	87.0	-1
17.0	25.0	28.0	+1
21.0	49.0	73.0	-1
80.0	64.0	49.0	+1
25.0	25.0	23.0	+1
25.0	70.0	103.0	-1
61.0	26.0	20.0	+1
12.0	14.0	11.0	+1
139.0	120.0	90.0	+1
161.0	115.0	82.0	+1
117.0	144.0	109.0	+1
163.0	140.0	109.0	+1
24.0	57.0	90.0	-1
71.0	34.0	28.0	+1
19.0	21.0	33.0	+1
0.0	0.0	0.0	+1
39.0	104.0	126.0	-1
29.0	57.0	79.0	-1
23.0	50.0	79.0	-1
94.0	44.0	33.0	+1
19.0	31.0	47.0	+1
70.0	33.0	27.0	+1
22.0	36.0	63.0	+1
25.0	53.0	77.0	-1
10.0	12.0	11.0	+1
11.0	13.0	10.0	+1
197.0	157.0	98.0	+1
15.0	19.0	18.0	+1
9.0	11.0	8.0	+1
123.0	136.0	116.0	+1
87.0	48.0	31.0	+1
14.0	16.0	15.0	+1
124.0	97.0	70.0	+1
12.0	14.0	13.0	+1
13.0	13.0	11.0	+1
13.0	15.0	12.0	+1
24.0	59.0	91.0	-1
22.0	44.0	67.0	-1
12.0	14.0	11.0	+1
69.0	26.0	19.0	+1
54.0	154.0	178.0	-1
12.0	14.0	13.0	+1
28.0	78.0	113.0	-1
14.0	16.0	13.0	+1
8.0	10.0	7.0	+1
161.0	147.0	118.0	+1
27.0	35.0	24.0	+1
19.0	41.0	39.0	+1
65.0	32.0	27.0	+1
8.0	10.0	7.0	+1
119.0	131.0	111.0	+1
177.0	155.0	118.0	+1
148.0	116.0	77.0	+1
119.0	134.0	111.0	+1
20.0	35.0	58.0	+1
121.0	132.0	115.0	+1
35.0	85.0	110.0	-1
32.0	34.0	31.0	+1
23.0	30.0	49.0	+1
162.0	133.0	99.0	+1
86.0	37.0	30.0	+1
97.0	47.0	38.0	+1
149.0	125.0	97.0	+1
20.0	23.0	30.0	+1
23.0	50.0	77.0	-1
138.0	91.0	73.0	+1
19.0	28.0	35.0	+1
20.0	41.0	68.0	-1
12.0	14.0	11.0	+1
103.0	51.0	38.0	+1
22.0	28.0	54.0	+1
93.0	43.0	34.0	+1
10.0	12.0	9.0	+1
25.0	52.0	79.0	-1
25.0	56.0	84.0	-1
176.0	127.0	86.0	+1
20.0	44.0	68.0	-1
28.0	52.0	54.0	+1
98.0	46.0	32.0	+1
36.0	94.0	105.0	-1
9.0	11.0	10.0	+1
147.0	157.0	104.0	+1
14.0	16.0	13.0	+1
25.0	56.0	77.0	-1
176.0	137.0	108.0	+1
74.0	35.0	28.0	+1
11.0	11.0	11.0	+1
165.0	115.0	88.0	+1
109.0	49.0	38.0	+1
20.0	20.0	30.0	+1
83.0	49.0	37.0	+1
22.0	37.0	68.0	+1
16.0	22.0	34.0	+1
149.0	101.0	81.0	+1
161.0	114.0	88.0	+1
26.0	64.0	100.0	-1
24.0	51.0	78.0	-1
27.0	53.0	80.0	-1
20.0	31.0	33.0	+1
156.0	149.0	120.0	+1
13.0	15.0	14.0	+1
47.0	74.0	81.0	-1
19.0	21.0	33.0	+1
13.0	13.0	11.0	+1
86.0	37.0	30.0	+1
121.0	53.0	42.0	+1
183.0	135.0	97.0	+1
20.0	30.0	29.0	+1
27.0	61.0	98.0	-1
30.0	61.0	92.0	-1
13.0	23.0	24.0	+1
61.0	73.0	69.0	-1
25.0	36.0	64.0	+1
145.0	108.0	81.0	+1
35.0	15.0	14.0	+1
25.0	41.0	67.0	+1
139.0	112.0	85.0	+1
12.0	14.0	11.0	+1
25.0	57.0	78.0	-1
14.0	16.0	15.0	+1
20.0	35.0	54.0	+1
14.0	14.0	12.0	+1
32.0	70.0	107.0	-1
18.0	17.0	13.0	+1
19.0	50.0	78.0	-1
17.0	22.0	18.0	+1
25.0	60.0	82.0	-1
22.0	30.0	53.0	+1
69.0	92.0	86.0	-1
27.0	39.0	51.0	+1
10.0	12.0	11.0	+1
145.0	127.0	103.0	+1
21.0	32.0	50.0	+1
17.0	17.0	15.0	+1
13.0	17.0	16.0	+1
26.0	37.0	55.0	+1
62.0	33.0	25.0	+1
30.0	66.0	100.0	-1
27.0	46.0	76.0	-1
21.0	43.0	66.0	-1
183.0	131.0	92.0	+1
22.0	42.0	67.0	-1
22.0	37.0	68.0	+1
106.0	65.0	45.0	+1
102.0	48.0	36.0	+1
123.0	62.0	43.0	+1
29.0	19.0	17.0	+1
28.0	55.0	84.0	-1
68.0	33.0	27.0	+1
103.0	51.0	38.0	+1
15.0	17.0	16.0	+1
120.0	132.0	110.0	+1
32.0	92.0	120.0	-1
26.0	65.0	98.0	-1
178.0	154.0	120.0	+1
170.0	168.0	147.0	+1
167.0	128.0	97.0	+1
12.0	14.0	11.0	+1
112.0	65.0	45.0	+1
182.0	148.0	100.0	+1
11.0	11.0	9.0	+1
113.0	53.0	43.0	+1
38.0	70.0	91.0	-1
20.0	54.0	79.0	-1
35.0	84.0	116.0	-1
38.0	101.0	136.0	-1
11.0	13.0	12.0	+1
21.0	23.0	20.0	+1
14.0	20.0	20.0	+1
28.0	69.0	99.0	-1
16.0	17.0	19.0	+1
99.0	57.0	41.0	+1
78.0	35.0	29.0	+1
12.0	14.0	11.0	+1
23.0	41.0	65.0	+1
69.0	39.0	31.0	+1
28.0	55.0	84.0	-1
17.0	19.0	16.0	+1
75.0	41.0	31.0	+1
20.0	35.0	54.0	+1
18.0	20.0	17.0	+1
30.0	60.0	88.0	-1
160.0	125.0	95.0	+1
22.0	29.0	45.0	+1
26.0	44.0	66.0	-1
115.0	128.0	110.0	+1
85.0	47.0	36.0	+1
17.0	24.0	42.0	+1
29.0	68.0	97.0	-1
25.0	56.0	85.0	-1
155.0	126.0	94.0	+1
13.0	15.0	14.0	+1
87.0	40.0	34.0	+1
153.0	145.0	124.0	+1
13.0	15.0	10.0	+1
14.0	16.0	15.0	+1
11.0	13.0	10.0	+1
14.0	16.0	13.0	+1
24.0	50.0	77.0	-1
200.0	146.0	99.0	+1
14.0	14.0	12.0	+1
154.0	124.0	86.0	+1
32.0	52.0	76.0	-1
20.0	53.0	86.0	-1
198.0	221.0	195.0	+1
10.0	12.0	11.0	+1
95.0	38.0	29.0	+1
9.0	11.0	10.0	+1
30.0	73.0	105.0	-1
29.0	63.0	91.0	-1
17.0	24.0	40.0	+1
31.0	45.0	48.0	+1
70.0	31.0	24.0	+1
224.0	193.0	139.0	+1
14.0	16.0	15.0	+1
22.0	35.0	52.0	+1
14.0	16.0	13.0	+1
11.0	13.0	12.0	+1
0.0	0.0	0.0	+1
13.0	13.0	11.0	+1
101.0	54.0	46.0	+1
13.0	15.0	12.0	+1
23.0	40.0	60.0	+1
174.0	128.0	94.0	+1
108.0	59.0	42.0	+1
57.0	104.0	112.0	-1
38.0	43.0	39.0	+1
9.0	11.0	8.0	+1
24.0	48.0	76.0	-1
17.0	19.0	16.0	+1
91.0	48.0	39.0	+1
164.0	120.0	83.0	+1
94.0	65.0	47.0	+1
113.0	55.0	43.0	+1
18.0	33.0	38.0	+1
239.0	238.0	243.0	+1
46.0	130.0	164.0	-1
106.0	118.0	104.0	+1
12.0	14.0	11.0	+1
18.0	22.0	33.0	+1
27.0	45.0	67.0	-1
27.0	80.0	150.0	-1
112.0	125.0	108.0	+1
9.0	11.0	8.0	+1
18.0	26.0	39.0	+1
29.0	59.0	85.0	-1
19.0	30.0	52.0	+1
130.0	92.0	73.0	+1
106.0	118.0	104.0	+1
28.0	67.0	100.0	-1
92.0	51.0	45.0	+1
12.0	14.0	11.0	+1
24.0	54.0	80.0	-1
26.0	44.0	58.0	+1
24.0	51.0	78.0	-1
14.0	38.0	48.0	+1
28.0	81.0	115.0	-1
38.0	114.0	138.0	-1
10.0	12.0	9.0	+1
99.0	49.0	40.0	+1
11.0	13.0	12.0	+1
131.0	82.0	67.0	+1
66.0	32.0	20.0	+1
34.0	79.0	110.0	-1
41.0	113.0	151.0	-1
26.0	28.0	25.0	+1
73.0	40.0	33.0	+1
19.0	22.0	39.0	+1
28.0	64.0	98.0	-1
84.0	41.0	32.0	+1
28.0	51.0	82.0	-1
26.0	48.0	72.0	-1
23.0	35.0	57.0	+1
14.0	16.0	15.0	+1
31.0	76.0	115.0	-1
31.0	94.0	127.0	-1
14.0	16.0	13.0	+1
69.0	32.0	26.0	+1
106.0	52.0	42.0	+1
91.0	47.0	38.0	+1
143.0	97.0	74.0	+1
21.0	29.0	50.0	+1
184.0	161.0	119.0	+1
33.0	60.0	89.0	-1
21.0	41.0	66.0	+1
0.0	0.0	0.0	+1
9.0	11.0	8.0	+1
69.0	184.0	205.0	-1
13.0	15.0	12.0	+1
83.0	40.0	33.0	+1
21.0	28.0	54.0	+1
13.0	15.0	12.0	+1
135.0	139.0	122.0	+1
32.0	58.0	83.0	-1
119.0	74.0	51.0	+1
11.0	20.0	15.0	+1
174.0	129.0	100.0	+1
26.0	59.0	90.0	-1
31.0	85.0	123.0	-1
20.0	23.0	32.0	+1
21.0	27.0	25.0	+1
12.0	14.0	13.0	+1
33.0	63.0	91.0	-1
22.0	33.0	55.0	+1
25.0	48.0	80.0	-1
114.0	76.0	57.0	+1
30.0	66.0	98.0	-1
228.0	199.0	141.0	+1
24.0	42.0	64.0	+1
171.0	160.0	130.0	+1
27.0	68.0	100.0	-1
19.0	26.0	44.0	+1
120.0	131.0	114.0	+1
145.0	161.0	148.0	+1
31.0	16.0	11.0	+1
35.0	76.0	80.0	-1
20.0	36.0	61.0	+1
224.0	239.0	144.0	+1
103.0	83.0	59.0	+1
13.0	15.0	14.0	+1
105.0	61.0	50.0	+1
13.0	19.0	17.0	+1
195.0	182.0	129.0	+1
25.0	54.0	86.0	-1
21.0	32.0	54.0	+1
10.0	12.0	9.0	+1
12.0	14.0	11.0	+1
10.0	12.0	11.0	+1
14.0	16.0	15.0	+1
38.0	109.0	137.0	-1
47.0	56.0	55.0	+1
104.0	125.0	110.0	-1
14.0	16.0	13.0	+1
50.0	57.0	50.0	+1
12.0	14.0	11.0	+1
122.0	133.0	116.0	+1
9.0	11.0	10.0	+1
50.0	144.0	172.0	-1
122.0	134.0	114.0	+1
22.0	65.0	99.0	-1
67.0	39.0	28.0	+1
62.0	66.0	67.0	+1
24.0	53.0	85.0	-1
235.0	245.0	236.0	+1
23.0	23.0	21.0	+1
14.0	16.0	13.0	+1
216.0	239.0	211.0	+1
21.0	30.0	45.0	+1
10.0	12.0	11.0	+1
111.0	53.0	42.0	+1
156.0	105.0	78.0	+1
21.0	29.0	52.0	+1
27.0	59.0	84.0	-1
26.0	28.0	23.0	+1
90.0	41.0	34.0	+1
17.0	22.0	28.0	+1
25.0	46.0	49.0	+1
93.0	105.0	91.0	-1
13.0	15.0	14.0	+1
50.0	110.0	136.0	-1
121.0	68.0	50.0	+1
116.0	89.0	62.0	+1
28.0	54.0	81.0	-1
15.0	15.0	13.0	+1
11.0	13.0	10.0	+1
32.0	80.0	118.0	-1
13.0	15.0	14.0	+1
54.0	88.0	98.0	-1
96.0	48.0	36.0	+1
14.0	16.0	13.0	+1
12.0	14.0	11.0	+1
132.0	102.0	78.0	+1
25.0	51.0	76.0	-1
226.0	240.0	142.0	+1
21.0	23.0	22.0	+1
12.0	14.0	11.0	+1
70.0	59.0	39.0	+1
8.0	10.0	7.0	+1
159.0	136.0	86.0	+1
51.0	58.0	51.0	+1
11.0	13.0	10.0	+1
129.0	87.0	73.0	+1
10.0	12.0	11.0	+1
20.0	27.0	37.0	+1
28.0	63.0	91.0	-1
29.0	68.0	101.0	-1
13.0	13.0	11.0	+1
25.0	39.0	40.0	+1
20.0	44.0	46.0	+1
16.0	16.0	14.0	+1
22.0	58.0	92.0	-1
22.0	35.0	54.0	+1
24.0	51.0	72.0	-1
105.0	47.0	36.0	+1
22.0	29.0	48.0	+1
31.0	58.0	87.0	-1
193.0	217.0	185.0	+1
28.0	58.0	84.0	-1
9.0	11.0	8.0	+1
99.0	52.0	42.0	+1
16.0	18.0	17.0	+1
28.0	60.0	85.0	-1
19.0	27.0	40.0	+1
10.0	12.0	11.0	+1
69.0	103.0	102.0	-1
12.0	12.0	10.0	+1
37.0	43.0	43.0	+1
84.0	46.0	37.0	+1
15.0	17.0	16.0	+1
91.0	32.0	26.0	+1
26.0	46.0	79.0	-1
23.0	23.0	21.0	+1
40.0	116.0	150.0	-1
22.0	37.0	60.0	+1
26.0	50.0	74.0	-1
19.0	37.0	59.0	+1
11.0	13.0	12.0	+1
21.0	33.0	33.0	+1
71.0	100.0	106.0	-1
33.0	76.0	85.0	-1
77.0	40.0	32.0	+1
78.0	35.0	28.0	+1
26.0	71.0	104.0	-1
26.0	41.0	70.0	-1
86.0	38.0	28.0	+1
21.0	29.0	50.0	+1
136.0	60.0	44.0	+1
24.0	24.0	32.0	+1
0.0	0.0	0.0	+1
28.0	72.0	109.0	-1
27.0	63.0	95.0	-1
32.0	71.0	104.0	-1
13.0	15.0	12.0	+1
83.0	34.0	27.0	+1
101.0	44.0	33.0	+1
171.0	129.0	89.0	+1
130.0	100.0	64.0	+1
10.0	12.0	9.0	+1
63.0	30.0	23.0	+1
30.0	71.0	103.0	-1
21.0	37.0	60.0	+1
117.0	132.0	113.0	+1
54.0	116.0	115.0	-1
33.0	75.0	113.0	-1
28.0	61.0	92.0	-1
34.0	82.0	120.0	-1
221.0	188.0	147.0	+1
8.0	10.0	7.0	+1
23.0	56.0	87.0	-1
153.0	139.0	104.0	+1
10.0	10.0	8.0	+1
18.0	18.0	16.0	+1
184.0	158.0	121.0	+1
107.0	116.0	95.0	+1
23.0	52.0	82.0	-1
27.0	61.0	86.0	-1
19.0	19.0	31.0	+1
27.0	66.0	97.0	-1
32.0	96.0	132.0	-1
30.0	65.0	84.0	-1
78.0	33.0	27.0	+1
216.0	239.0	213.0	+1
11.0	13.0	12.0	+1
29.0	32.0	25.0	+1
106.0	70.0	54.0	+1
11.0	13.0	10.0	+1
23.0	44.0	73.0	-1
60.0	31.0	27.0	+1
13.0	13.0	11.0	+1
13.0	15.0	12.0	+1
18.0	18.0	26.0	+1
24.0	58.0	85.0	-1
78.0	34.0	25.0	+1
0.0	0.0	0.0	+1
14.0	23.0	22.0	+1
24.0	44.0	68.0	-1
13.0	15.0	12.0	+1
149.0	118.0	87.0	+1
26.0	62.0	96.0	-1
79.0	39.0	29.0	+1
10.0	12.0	11.0	+1
73.0	41.0	30.0	+1
13.0	15.0	14.0	+1
23.0	48.0	70.0	-1
23.0	25.0	24.0	+1
18.0	23.0	45.0	+1
19.0	30.0	52.0	+1
14.0	14.0	12.0	+1
15.0	15.0	13.0	+1
24.0	28.0	40.0	+1
73.0	30.0	23.0	+1
20.0	23.0	32.0	+1
26.0	57.0	88.0	-1
19.0	45.0	62.0	+1
11.0	13.0	12.0	+1
15.0	17.0	16.0	+1
22.0	36.0	62.0	+1
11.0	13.0	12.0	+1
13.0	15.0	14.0	+1
109.0	50.0	42.0	+1
22.0	24.0	21.0	+1
120.0	131.0	114.0	+1
27.0	62.0	84.0	-1
142.0	96.0	73.0	+1
62.0	157.0	185.0	-1
28.0	63.0	93.0	-1
25.0	25.0	23.0	+1
68.0	31.0	23.0	+1
30.0	64.0	99.0	-1
28.0	63.0	83.0	-1
28.0	59.0	88.0	-1
10.0	12.0	9.0	+1
12.0	14.0	13.0	+1
25.0	65.0	101.0	-1
79.0	36.0	27.0	+1
166.0	149.0	121.0	+1
15.0	17.0	16.0	+1
79.0	26.0	22.0	+1
19.0	27.0	40.0	+1
93.0	123.0	125.0	-1
157.0	132.0	101.0	+1
22.0	56.0	83.0	-1
42.0	105.0	110.0	-1
24.0	63.0	96.0	-1
43.0	90.0	118.0	-1
58.0	74.0	64.0	+1
171.0	156.0	113.0	+1
86.0	52.0	42.0	+1
16.0	19.0	26.0	+1
215.0	239.0	145.0	+1
73.0	33.0	25.0	+1
9.0	11.0	8.0	+1
28.0	73.0	104.0	-1
30.0	50.0	85.0	-1
84.0	54.0	46.0	+1
11.0	13.0	10.0	+1
12.0	14.0	11.0	+1
137.0	119.0	95.0	+1
24.0	45.0	74.0	-1
28.0	59.0	88.0	-1
11.0	13.0	12.0	+1
84.0	37.0	29.0	+1
12.0	14.0	11.0	+1
21.0	23.0	44.0	+1
143.0	107.0	75.0	+1
146.0	96.0	63.0	+1
20.0	40.0	67.0	-1
188.0	158.0	106.0	+1
11.0	13.0	12.0	+1
25.0	55.0	81.0	-1
21.0	41.0	65.0	+1
16.0	18.0	30.0	+1
161.0	134.0	91.0	+1
18.0	20.0	33.0	+1
24.0	27.0	44.0	+1
13.0	13.0	11.0	+1
107.0	76.0	56.0	+1
29.0	64.0	94.0	-1
67.0	30.0	24.0	+1
11.0	11.0	9.0	+1
13.0	13.0	11.0	+1
17.0	19.0	18.0	+1
12.0	13.0	8.0	+1
11.0	13.0	10.0	+1
24.0	50.0	75.0	-1
10.0	12.0	9.0	+1
201.0	164.0	120.0	+1
11.0	16.0	10.0	+1
177.0	168.0	139.0	+1
15.0	22.0	40.0	+1
26.0	46.0	71.0	-1
36.0	106.0	142.0	-1
33.0	39.0	39.0	+1
67.0	30.0	22.0	+1
29.0	65.0	101.0	-1
16.0	18.0	17.0	+1
13.0	15.0	12.0	+1
8.0	10.0	7.0	+1
92.0	45.0	35.0	+1
9.0	11.0	8.0	+1
47.0	114.0	141.0	-1
21.0	37.0	60.0	+1
29.0	54.0	85.0	-1
62.0	29.0	24.0	+1
23.0	31.0	52.0	+1
19.0	25.0	37.0	+1
21.0	48.0	77.0	-1
20.0	47.0	74.0	-1
50.0	55.0	49.0	+1
16.0	23.0	39.0	+1
23.0	55.0	78.0	-1
180.0	145.0	103.0	+1
48.0	69.0	74.0	-1
164.0	135.0	95.0	+1
35.0	40.0	36.0	+1
68.0	41.0	32.0	+1
22.0	48.0	71.0	-1
161.0	105.0	78.0	+1
27.0	55.0	58.0	+1
30.0	66.0	100.0	-1
30.0	67.0	96.0	-1
12.0	23.0	17.0	+1
20.0	35.0	56.0	+1
99.0	51.0	41.0	+1
25.0	55.0	81.0	-1
75.0	34.0	28.0	+1
93.0	51.0	39.0	+1
24.0	51.0	80.0	-1
30.0	75.0	108.0	-1
20.0	36.0	59.0	+1
235.0	203.0	146.0	+1
109.0	59.0	50.0	+1
16.0	18.0	17.0	+1
13.0	13.0	11.0	+1
101.0	43.0	32.0	+1
77.0	43.0	31.0	+1
27.0	50.0	81.0	-1
91.0	39.0	26.0	+1
16.0	18.0	15.0	+1
170.0	161.0	130.0	+1
20.0	40.0	65.0	+1
106.0	57.0	40.0	+1
66.0	76.0	67.0	+1
9.0	11.0	8.0	+1
26.0	53.0	80.0	-1
69.0	35.0	26.0	+1
57.0	64.0	56.0	+1
17.0	19.0	18.0	+1
31.0	70.0	101.0	-1
113.0	57.0	44.0	+1
99.0	47.0	34.0	+1
164.0	157.0	129.0	+1
16.0	17.0	12.0	+1
89.0	46.0	39.0	+1
20.0	22.0	19.0	+1
140.0	104.0	82.0	+1
11.0	13.0	12.0	+1
22.0	59.0	88.0	-1
26.0	65.0	96.0	-1
23.0	49.0	76.0	-1
70.0	37.0	28.0	+1
161.0	138.0	94.0	+1
38.0	67.0	62.0	-1
10.0	12.0	11.0	+1
23.0	38.0	59.0	+1
131.0	85.0	52.0	+1
109.0	55.0	43.0	+1
10.0	12.0	11.0	+1
30.0	86.0	121.0	-1
59.0	63.0	46.0	+1
23.0	38.0	61.0	+1
24.0	31.0	59.0	+1
13.0	15.0	14.0	+1
23.0	44.0	73.0	-1
10.0	12.0	11.0	+1
18.0	20.0	15.0	+1
104.0	60.0	49.0	+1
23.0	24.0	26.0	+1
13.0	15.0	14.0	+1
22.0	59.0	85.0	-1
11.0	13.0	12.0	+1
140.0	93.0	65.0	+1
21.0	54.0	71.0	-1
14.0	16.0	13.0	+1
27.0	47.0	74.0	-1
92.0	43.0	36.0	+1
32.0	98.0	130.0	-1
152.0	143.0	114.0	+1
141.0	76.0	54.0	+1
12.0	14.0	11.0	+1
122.0	91.0	62.0	+1
0.0	0.0	0.0	+1
32.0	79.0	109.0	-1
186.0	145.0	113.0	+1
33.0	78.0	109.0	-1
30.0	66.0	92.0	-1
87.0	40.0	34.0	+1
13.0	15.0	12.0	+1
26.0	47.0	76.0	-1
72.0	31.0	25.0	+1
52.0	60.0	47.0	+1
85.0	38.0	32.0	+1
174.0	124.0	99.0	+1
23.0	68.0	101.0	-1
34.0	54.0	45.0	+1
66.0	76.0	67.0	+1
11.0	13.0	12.0	+1
15.0	17.0	16.0	+1
15.0	24.0	41.0	+1
21.0	32.0	52.0	+1
8.0	10.0	7.0	+1
20.0	22.0	19.0	+1
11.0	13.0	10.0	+1
12.0	14.0	11.0	+1
135.0	104.0	73.0	+1
14.0	16.0	13.0	+1
33.0	35.0	32.0	+1
18.0	21.0	38.0	+1
14.0	16.0	11.0	+1
29.0	73.0	102.0	-1
11.0	13.0	12.0	+1
27.0	71.0	106.0	-1
26.0	55.0	85.0	-1
24.0	43.0	73.0	-1
26.0	47.0	76.0	-1
24.0	50.0	73.0	-1
61.0	98.0	104.0	-1
41.0	121.0	156.0	-1
32.0	77.0	110.0	-1
27.0	73.0	107.0	-1
35.0	86.0	117.0	-1
32.0	69.0	88.0	-1
63.0	169.0	191.0	-1
103.0	124.0	105.0	-1
26.0	65.0	96.0	-1
56.0	128.0	140.0	-1
24.0	55.0	83.0	-1
24.0	50.0	75.0	-1
22.0	51.0	81.0	-1
65.0	86.0	81.0	-1
38.0	98.0	134.0	-1
28.0	61.0	94.0	-1
24.0	59.0	91.0	-1
23.0	55.0	78.0	-1
61.0	120.0	126.0	-1
29.0	61.0	86.0	-1
21.0	45.0	71.0	-1
22.0	46.0	74.0	-1
27.0	68.0	100.0	-1
24.0	55.0	83.0	-1
30.0	87.0	116.0	-1
29.0	56.0	85.0	-1
22.0	48.0	75.0	-1
23.0	49.0	74.0	-1
23.0	60.0	87.0	-1
28.0	62.0	97.0	-1
33.0	74.0	106.0	-1
25.0	53.0	75.0	-1
25.0	55.0	81.0	-1
41.0	67.0	82.0	-1
28.0	85.0	114.0	-1
23.0	43.0	67.0	-1
28.0	61.0	92.0	-1
44.0	99.0	130.0	-1
24.0	51.0	78.0	-1
31.0	81.0	118.0	-1
42.0	124.0	146.0	-1
26.0	75.0	105.0	-1
38.0	84.0	107.0	-1
34.0	75.0	107.0	-1
27.0	62.0	94.0	-1
38.0	102.0	137.0	-1
28.0	69.0	101.0	-1
45.0	95.0	122.0	-1
33.0	103.0	128.0	-1
42.0	109.0	138.0	-1
27.0	53.0	88.0	-1
40.0	79.0	74.0	-1
26.0	47.0	74.0	-1
27.0	66.0	99.0	-1
29.0	73.0	102.0	-1
34.0	70.0	92.0	-1
45.0	109.0	134.0	-1
27.0	76.0	109.0	-1
38.0	110.0	135.0	-1
34.0	81.0	109.0	-1
29.0	73.0	108.0	-1
22.0	47.0	67.0	-1
46.0	94.0	108.0	-1
24.0	48.0	74.0	-1
40.0	110.0	122.0	-1
20.0	46.0	71.0	-1
70.0	161.0	180.0	-1
31.0	65.0	100.0	-1
22.0	48.0	75.0	-1
27.0	56.0	86.0	-1
26.0	70.0	97.0	-1
25.0	68.0	103.0	-1
26.0	62.0	88.0	-1
35.0	75.0	101.0	-1
60.0	74.0	75.0	-1
33.0	74.0	106.0	-1
28.0	68.0	103.0	-1
26.0	56.0	82.0	-1
23.0	47.0	71.0	-1
24.0	54.0	80.0	-1
25.0	57.0	82.0	-1
23.0	47.0	73.0	-1
73.0	94.0	89.0	-1
26.0	56.0	84.0	-1
23.0	53.0	81.0	-1
20.0	54.0	82.0	-1
38.0	118.0	145.0	-1
51.0	118.0	147.0	-1
22.0	61.0	92.0	-1
31.0	79.0	115.0	-1
30.0	74.0	109.0	-1
31.0	65.0	100.0	-1
23.0	55.0	78.0	-1
30.0	100.0	134.0	-1
48.0	139.0	168.0	-1
31.0	99.0	118.0	-1
34.0	84.0	109.0	-1
23.0	67.0	102.0	-1
25.0	64.0	97.0	-1
23.0	78.0	109.0	-1
91.0	102.0	88.0	-1
28.0	81.0	149.0	-1
28.0	62.0	89.0	-1
32.0	68.0	94.0	-1
91.0	131.0	122.0	-1
27.0	57.0	83.0	-1
19.0	46.0	73.0	-1
40.0	100.0	134.0	-1
25.0	52.0	82.0	-1
40.0	112.0	137.0	-1
22.0	44.0	67.0	-1
38.0	100.0	137.0	-1
26.0	52.0	77.0	-1
32.0	82.0	117.0	-1
30.0	92.0	115.0	-1
48.0	95.0	123.0	-1
29.0	68.0	99.0	-1
37.0	102.0	140.0	-1
25.0	60.0	92.0	-1
42.0	108.0	134.0	-1
28.0	74.0	110.0	-1
24.0	60.0	92.0	-1
30.0	74.0	109.0	-1
23.0	46.0	78.0	-1
87.0	97.0	88.0	-1
26.0	52.0	79.0	-1
20.0	44.0	68.0	-1
30.0	78.0	114.0	-1
30.0	90.0	124.0	-1
28.0	82.0	120.0	-1
21.0	48.0	69.0	-1
31.0	74.0	108.0	-1
51.0	149.0	178.0	-1
25.0	54.0	88.0	-1
56.0	108.0	132.0	-1
28.0	93.0	115.0	-1
31.0	79.0	117.0	-1
24.0	67.0	101.0	-1
29.0	58.0	88.0	-1
22.0	56.0	84.0	-1
68.0	116.0	136.0	-1
63.0	131.0	152.0	-1
38.0	67.0	73.0	-1
30.0	54.0	80.0	-1
25.0	52.0	79.0	-1
30.0	76.0	109.0	-1
21.0	47.0	74.0	-1
29.0	64.0	86.0	-1
62.0	164.0	187.0	-1
23.0	56.0	89.0	-1
44.0	122.0	158.0	-1
23.0	49.0	72.0	-1
23.0	56.0	87.0	-1
54.0	83.0	101.0	-1
23.0	49.0	72.0	-1
27.0	63.0	97.0	-1
27.0	73.0	109.0	-1
30.0	68.0	104.0	-1
24.0	67.0	101.0	-1
23.0	47.0	81.0	-1
28.0	74.0	108.0	-1
29.0	73.0	100.0	-1
22.0	53.0	81.0	-1
41.0	95.0	123.0	-1
29.0	64.0	96.0	-1
27.0	66.0	97.0	-1
28.0	65.0	92.0	-1
25.0	66.0	96.0	-1
28.0	69.0	101.0	-1
27.0	60.0	93.0	-1
49.0	102.0	110.0	-1
22.0	52.0	80.0	-1
26.0	66.0	101.0	-1
20.0	45.0	65.0	-1
23.0	51.0	75.0	-1
26.0	53.0	80.0	-1
31.0	77.0	111.0	-1
22.0	51.0	81.0	-1
24.0	52.0	76.0	-1
37.0	116.0	146.0	-1
25.0	60.0	82.0	-1
27.0	50.0	82.0	-1
32.0	57.0	64.0	-1
30.0	84.0	120.0	-1
42.0	99.0	116.0	-1
26.0	47.0	68.0	-1
33.0	99.0	123.0	-1
28.0	68.0	103.0	-1
27.0	54.0	83.0	-1
34.0	63.0	79.0	-1
25.0	42.0	70.0	-1
22.0	52.0	80.0	-1
22.0	45.0	77.0	-1
36.0	62.0	87.0	-1
41.0	108.0	135.0	-1
27.0	57.0	85.0	-1
31.0	71.0	106.0	-1
27.0	60.0	95.0	-1
25.0	49.0	77.0	-1
36.0	102.0	137.0	-1
24.0	67.0	101.0	-1
22.0	62.0	88.0	-1
25.0	64.0	95.0	-1
35.0	85.0	120.0	-1
27.0	55.0	79.0	-1
25.0	53.0	77.0	-1
30.0	69.0	102.0	-1
32.0	72.0	107.0	-1
23.0	47.0	73.0	-1
30.0	57.0	87.0	-1
27.0	45.0	69.0	-1
27.0	54.0	81.0	-1
31.0	67.0	101.0	-1
26.0	64.0	100.0	-1
31.0	63.0	86.0	-1
35.0	76.0	106.0	-1
47.0	96.0	90.0	-1
24.0	46.0	70.0	-1
25.0	47.0	71.0	-1
23.0	53.0	81.0	-1
27.0	76.0	109.0	-1
34.0	67.0	100.0	-1
51.0	141.0	175.0	-1
41.0	103.0	118.0	-1
20.0	41.0	68.0	-1
23.0	43.0	68.0	-1
22.0	59.0	85.0	-1
32.0	73.0	95.0	-1
33.0	89.0	114.0	-1
28.0	68.0	103.0	-1
47.0	123.0	155.0	-1
32.0	83.0	114.0	-1
27.0	52.0	83.0	-1
30.0	70.0	96.0	-1
24.0	69.0	100.0	-1
28.0	65.0	91.0	-1
35.0	84.0	116.0	-1
25.0	50.0	80.0	-1
52.0	118.0	140.0	-1
34.0	94.0	131.0	-1
32.0	88.0	125.0	-1
25.0	56.0	85.0	-1
24.0	84.0	147.0	-1
29.0	67.0	90.0	-1
22.0	44.0	68.0	-1
25.0	68.0	103.0	-1
36.0	92.0	129.0	-1
22.0	48.0	75.0	-1
26.0	67.0	95.0	-1
36.0	81.0	112.0	-1
34.0	107.0	139.0	-1
26.0	52.0	77.0	-1
25.0	66.0	98.0	-1
24.0	58.0	93.0	-1
30.0	67.0	94.0	-1
39.0	84.0	115.0	-1
26.0	69.0	103.0	-1
27.0	73.0	107.0	-1
27.0	77.0	104.0	-1
27.0	64.0	90.0	-1
24.0	48.0	74.0	-1
24.0	39.0	68.0	-1
32.0	96.0	124.0	-1
25.0	47.0	70.0	-1
35.0	103.0	106.0	-1
55.0	157.0	182.0	-1
25.0	62.0	88.0	-1
32.0	93.0	122.0	-1
25.0	45.0	70.0	-1
47.0	72.0	79.0	-1
28.0	45.0	71.0	-1
63.0	84.0	87.0	-1
25.0	46.0	75.0	-1
35.0	69.0	96.0	-1
27.0	61.0	96.0	-1
42.0	104.0	141.0	-1
27.0	70.0	104.0	-1
24.0	46.0	70.0	-1
39.0	115.0	147.0	-1
39.0	112.0	145.0	-1
24.0	46.0	70.0	-1
28.0	61.0	92.0	-1
24.0	64.0	100.0	-1
23.0	45.0	68.0	-1
57.0	106.0	113.0	-1
29.0	69.0	104.0	-1
32.0	70.0	106.0	-1
28.0	54.0	77.0	-1
21.0	55.0	82.0	-1
27.0	65.0	101.0	-1
27.0	63.0	95.0	-1
29.0	65.0	99.0	-1
26.0	48.0	72.0	-1
28.0	46.0	66.0	-1
28.0	60.0	75.0	-1
28.0	64.0	98.0	-1
32.0	63.0	94.0	-1
32.0	66.0	101.0	-1
25.0	64.0	95.0	-1
29.0	66.0	93.0	-1
17.0	43.0	68.0	-1
34.0	79.0	108.0	-1
42.0	115.0	147.0	-1
33.0	72.0	101.0	-1
26.0	53.0	72.0	-1
40.0	104.0	139.0	-1
24.0	63.0	96.0	-1
24.0	52.0	76.0	-1
31.0	67.0	93.0	-1
23.0	53.0	77.0	-1
30.0	64.0	89.0	-1
25.0	59.0	84.0	-1
27.0	58.0	89.0	-1
26.0	66.0	101.0	-1
36.0	75.0	104.0	-1
27.0	64.0	90.0	-1
31.0	75.0	112.0	-1
23.0	49.0	76.0	-1
23.0	45.0	69.0	-1
24.0	53.0	83.0	-1
29.0	64.0	86.0	-1
25.0	51.0	76.0	-1
28.0	65.0	91.0	-1
44.0	96.0	120.0	-1
24.0	46.0	70.0	-1
29.0	63.0	90.0	-1
26.0	47.0	76.0	-1
24.0	53.0	83.0	-1
22.0	49.0	68.0	-1
31.0	67.0	101.0	-1
24.0	64.0	100.0	-1
49.0	128.0	158.0	-1
35.0	98.0	113.0	-1
27.0	83.0	108.0	-1
34.0	96.0	117.0	-1
26.0	46.0	81.0	-1
29.0	75.0	111.0	-1
21.0	47.0	70.0	-1
25.0	63.0	99.0	-1
31.0	84.0	154.0	-1
24.0	47.0	79.0	-1
40.0	124.0	152.0	-1
33.0	70.0	97.0	-1
26.0	62.0	96.0	-1
27.0	63.0	97.0	-1
31.0	79.0	102.0	-1
23.0	63.0	98.0	-1
28.0	62.0	90.0	-1
20.0	42.0	66.0	-1
25.0	59.0	84.0	-1
40.0	96.0	129.0	-1
24.0	44.0	69.0	-1
27.0	60.0	77.0	-1
26.0	51.0	73.0	-1
30.0	73.0	107.0	-1
31.0	73.0	111.0	-1
64.0	154.0	180.0	-1
28.0	69.0	101.0	-1
21.0	54.0	87.0	-1
27.0	71.0	98.0	-1
27.0	73.0	97.0	-1
21.0	53.0	76.0	-1
29.0	77.0	113.0	-1
26.0	62.0	88.0	-1
27.0	57.0	81.0	-1
40.0	85.0	108.0	-1
37.0	96.0	126.0	-1
24.0	57.0	92.0	-1
29.0	66.0	92.0	-1
25.0	47.0	71.0	-1
25.0	73.0	109.0	-1
39.0	123.0	151.0	-1
23.0	47.0	75.0	-1
23.0	43.0	67.0	-1
31.0	80.0	112.0	-1
26.0	44.0	66.0	-1
29.0	64.0	96.0	-1
30.0	73.0	107.0	-1
28.0	71.0	106.0	-1
25.0	40.0	73.0	-1
30.0	66.0	98.0	-1
28.0	74.0	108.0	-1
33.0	94.0	122.0	-1
27.0	73.0	109.0	-1
25.0	55.0	83.0	-1
33.0	65.0	86.0	-1
27.0	73.0	107.0	-1
73.0	166.0	184.0	-1
82.0	150.0	159.0	-1
28.0	68.0	94.0	-1
24.0	48.0	74.0	-1
29.0	85.0	118.0	-1
25.0	45.0	69.0	-1
28.0	67.0	98.0	-1
64.0	114.0	123.0	-1
48.0	112.0	137.0	-1
22.0	47.0	77.0	-1
25.0	58.0	93.0	-1
26.0	60.0	95.0	-1
22.0	49.0	76.0	-1
23.0	68.0	99.0	-1
31.0	74.0	108.0	-1
25.0	55.0	81.0	-1
27.0	54.0	71.0	-1
23.0	50.0	77.0	-1
32.0	62.0	86.0	-1
68.0	174.0	196.0	-1
72.0	109.0	118.0	-1
62.0	91.0	89.0	-1
40.0	78.0	81.0	-1
28.0	76.0	112.0	-1
25.0	56.0	76.0	-1
27.0	52.0	72.0	-1
23.0	47.0	71.0	-1
23.0	49.0	74.0	-1
22.0	44.0	67.0	-1
31.0	102.0	134.0	-1
21.0	45.0	71.0	-1
37.0	100.0	135.0	-1
25.0	69.0	96.0	-1
49.0	79.0	89.0	-1
32.0	73.0	103.0	-1
66.0	171.0	193.0	-1
62.0	89.0	119.0	-1
25.0	65.0	100.0	-1
21.0	56.0	78.0	-1
32.0	77.0	116.0	-1
33.0	70.0	99.0	-1
27.0	66.0	95.0	-1
24.0	67.0	99.0	-1
21.0	46.0	66.0	-1
74.0	94.0	92.0	-1
39.0	87.0	110.0	-1
27.0	92.0	124.0	-1
22.0	43.0	70.0	-1
27.0	57.0	83.0	-1
23.0	49.0	72.0	-1
29.0	83.0	107.0	-1
60.0	164.0	189.0	-1
25.0	75.0	112.0	-1
25.0	51.0	78.0	-1
27.0	76.0	108.0	-1
50.0	90.0	115.0	-1
37.0	82.0	113.0	-1
20.0	40.0	67.0	-1
31.0	77.0	110.0	-1
27.0	62.0	90.0	-1
29.0	65.0	91.0	-1
62.0	142.0	141.0	-1
48.0	100.0	96.0	-1
23.0	53.0	81.0	-1
27.0	77.0	112.0	-1
28.0	78.0	113.0	-1
23.0	52.0	84.0	-1
23.0	52.0	84.0	-1
23.0	51.0	75.0	-1
77.0	139.0	162.0	-1
25.0	84.0	150.0	-1
25.0	55.0	81.0	-1
41.0	111.0	147.0	-1
22.0	56.0	83.0	-1
23.0	38.0	71.0	-1
53.0	124.0	146.0	-1
27.0	68.0	98.0	-1
31.0	77.0	113.0	-1
31.0	72.0	102.0	-1
40.0	96.0	129.0	-1
35.0	76.0	106.0	-1
29.0	66.0	93.0	-1
26.0	50.0	74.0	-1
24.0	58.0	85.0	-1
31.0	75.0	112.0	-1
32.0	81.0	148.0	-1
25.0	54.0	86.0	-1
26.0	58.0	83.0	-1
33.0	86.0	120.0	-1
29.0	78.0	111.0	-1
22.0	50.0	72.0	-1
25.0	64.0	95.0	-1
24.0	67.0	99.0	-1
29.0	73.0	102.0	-1
78.0	88.0	79.0	-1
23.0	47.0	71.0	-1
30.0	74.0	109.0	-1
26.0	75.0	108.0	-1
90.0	102.0	92.0	-1
20.0	51.0	79.0	-1
32.0	81.0	114.0	-1
27.0	62.0	92.0	-1
25.0	55.0	81.0	-1
26.0	69.0	101.0	-1
24.0	68.0	103.0	-1
28.0	76.0	112.0	-1
30.0	74.0	111.0	-1
94.0	107.0	90.0	-1
24.0	64.0	99.0	-1
39.0	99.0	127.0	-1
24.0	46.0	70.0	-1
23.0	56.0	89.0	-1
51.0	83.0	94.0	-1
25.0	68.0	103.0	-1
20.0	50.0	78.0	-1
52.0	150.0	179.0	-1
42.0	115.0	147.0	-1
28.0	64.0	98.0	-1
26.0	52.0	79.0	-1
25.0	61.0	93.0	-1
22.0	38.0	71.0	-1
43.0	104.0	125.0	-1
25.0	48.0	82.0	-1
31.0	68.0	94.0	-1
24.0	55.0	86.0	-1
53.0	91.0	94.0	-1
35.0	66.0	97.0	-1
46.0	108.0	107.0	-1
26.0	67.0	99.0	-1
27.0	54.0	81.0	-1
31.0	73.0	111.0	-1
29.0	93.0	121.0	-1
26.0	65.0	98.0	-1
51.0	102.0	129.0	-1
41.0	106.0	124.0	-1
26.0	59.0	92.0	-1
32.0	88.0	105.0	-1
27.0	60.0	93.0	-1
26.0	53.0	74.0	-1
26.0	66.0	102.0	-1
32.0	79.0	109.0	-1
27.0	63.0	97.0	-1
32.0	78.0	114.0	-1
25.0	69.0	106.0	-1
26.0	58.0	83.0	-1
25.0	50.0	81.0	-1
26.0	52.0	77.0	-1
28.0	62.0	97.0	-1
29.0	62.0	95.0	-1
38.0	84.0	107.0	-1
38.0	87.0	119.0	-1
39.0	80.0	110.0	-1
40.0	106.0	141.0	-1
18.0	50.0	65.0	-1
33.0	58.0	63.0	-1
30.0	65.0	97.0	-1
27.0	63.0	99.0	-1
24.0	64.0	99.0	-1
24.0	52.0	76.0	-1
52.0	141.0	171.0	-1
30.0	62.0	85.0	-1
57.0	117.0	141.0	-1
23.0	49.0	74.0	-1
61.0	160.0	179.0	-1
25.0	64.0	95.0	-1
29.0	47.0	69.0	-1
32.0	71.0	102.0	-1
25.0	52.0	79.0	-1
23.0	49.0	74.0	-1
30.0	78.0	98.0	-1
62.0	98.0	98.0	-1
42.0	92.0	117.0	-1
26.0	52.0	79.0	-1
25.0	74.0	104.0	-1
26.0	57.0	85.0	-1
20.0	60.0	86.0	-1
36.0	76.0	102.0	-1
55.0	108.0	122.0	-1
25.0	71.0	97.0	-1
32.0	70.0	93.0	-1
30.0	65.0	97.0	-1
22.0	53.0	82.0	-1
30.0	84.0	120.0	-1
24.0	63.0	96.0	-1
26.0	64.0	100.0	-1
29.0	59.0	93.0	-1
28.0	66.0	102.0	-1
90.0	102.0	90.0	-1
53.0	105.0	127.0	-1
36.0	77.0	105.0	-1
57.0	146.0	176.0	-1
31.0	91.0	117.0	-1
30.0	75.0	108.0	-1
35.0	85.0	110.0	-1
21.0	51.0	85.0	-1
22.0	46.0	70.0	-1
31.0	76.0	107.0	-1
30.0	71.0	91.0	-1
24.0	60.0	84.0	-1
100.0	112.0	102.0	-1
37.0	84.0	110.0	-1
32.0	84.0	123.0	-1
27.0	63.0	89.0	-1
31.0	78.0	108.0	-1
36.0	111.0	130.0	-1
27.0	64.0	93.0	-1
22.0	56.0	91.0	-1
25.0	47.0	71.0	-1
26.0	52.0	75.0	-1
101.0	124.0	116.0	-1
19.0	43.0	69.0	-1
49.0	85.0	111.0	-1
30.0	57.0	86.0	-1
27.0	61.0	96.0	-1
26.0	51.0	81.0	-1
24.0	44.0	68.0	-1
43.0	115.0	111.0	-1
94.0	108.0	93.0	-1
84.0	129.0	134.0	-1
23.0	53.0	81.0	-1
36.0	100.0	138.0	-1
25.0	60.0	90.0	-1
23.0	53.0	79.0	-1
24.0	60.0	84.0	-1
33.0	71.0	94.0	-1
24.0	63.0	94.0	-1
26.0	54.0	75.0	-1
23.0	55.0	80.0	-1
29.0	88.0	120.0	-1
21.0	42.0	69.0	-1
25.0	52.0	82.0	-1
29.0	78.0	118.0	-1
33.0	68.0	98.0	-1
24.0	54.0	82.0	-1
58.0	145.0	164.0	-1
31.0	76.0	105.0	-1
32.0	61.0	91.0	-1
57.0	104.0	130.0	-1
59.0	169.0	194.0	-1
27.0	65.0	88.0	-1
27.0	76.0	109.0	-1
31.0	62.0	83.0	-1
39.0	88.0	118.0	-1
30.0	76.0	109.0	-1
21.0	53.0	74.0	-1
36.0	103.0	129.0	-1
33.0	92.0	126.0	-1
26.0	69.0	103.0	-1
20.0	44.0	70.0	-1
26.0	44.0	68.0	-1
40.0	102.0	139.0	-1
27.0	58.0	89.0	-1
23.0	68.0	97.0	-1
28.0	66.0	87.0	-1
24.0	44.0	71.0	-1
26.0	54.0	78.0	-1
48.0	131.0	165.0	-1
103.0	116.0	109.0	-1
32.0	91.0	125.0	-1
24.0	54.0	82.0	-1
18.0	44.0	69.0	-1
26.0	75.0	89.0	-1
29.0	77.0	113.0	-1
24.0	50.0	73.0	-1
27.0	73.0	107.0	-1
67.0	140.0	155.0	-1
23.0	43.0	68.0	-1
31.0	70.0	99.0	-1
73.0	173.0	196.0	-1
26.0	66.0	101.0	-1
22.0	49.0	76.0	-1
20.0	50.0	78.0	-1
27.0	57.0	91.0	-1
36.0	100.0	136.0	-1
30.0	66.0	98.0	-1
54.0	107.0	115.0	-1
29.0	79.0	116.0	-1
28.0	54.0	87.0	-1
27.0	66.0	97.0	-1
26.0	56.0	82.0	-1
29.0	67.0	103.0	-1
32.0	71.0	104.0	-1
25.0	45.0	70.0	-1
39.0	89.0	124.0	-1
28.0	71.0	106.0	-1
38.0	83.0	102.0	-1
38.0	112.0	149.0	-1
22.0	46.0	72.0	-1
33.0	79.0	112.0	-1
20.0	44.0	70.0	-1
30.0	82.0	121.0	-1
24.0	55.0	76.0	-1
28.0	67.0	98.0	-1
28.0	54.0	79.0	-1
26.0	67.0	95.0	-1
24.0	63.0	94.0	-1
29.0	60.0	88.0	-1
26.0	63.0	92.0	-1
25.0	59.0	94.0	-1
27.0	71.0	106.0	-1
23.0	45.0	68.0	-1
61.0	100.0	117.0	-1
43.0	89.0	102.0	-1
47.0	130.0	162.0	-1
22.0	46.0	70.0	-1
24.0	65.0	97.0	-1
28.0	63.0	95.0	-1
41.0	60.0	64.0	-1
32.0	73.0	105.0	-1
26.0	47.0	78.0	-1
25.0	45.0	69.0	-1
33.0	81.0	119.0	-1
24.0	45.0	66.0	-1
28.0	68.0	103.0	-1
21.0	47.0	72.0	-1
23.0	40.0	68.0	-1
22.0	50.0	72.0	-1
24.0	68.0	97.0	-1
27.0	55.0	69.0	-1
26.0	41.0	72.0	-1
38.0	108.0	144.0	-1
23.0	46.0	80.0	-1
27.0	59.0	82.0	-1
24.0	60.0	96.0	-1
30.0	76.0	112.0	-1
39.0	83.0	86.0	-1
27.0	67.0	93.0	-1
23.0	53.0	79.0	-1
24.0	60.0	94.0	-1
25.0	64.0	95.0	-1
25.0	63.0	99.0	-1
22.0	58.0	90.0	-1
46.0	88.0	100.0	-1
27.0	68.0	100.0	-1
26.0	46.0	70.0	-1
28.0	59.0	87.0	-1
34.0	113.0	143.0	-1
28.0	85.0	115.0	-1
24.0	48.0	72.0	-1
31.0	96.0	116.0	-1
23.0	53.0	79.0	-1
20.0	47.0	76.0	-1
25.0	52.0	82.0	-1
29.0	73.0	100.0	-1
27.0	47.0	80.0	-1
33.0	97.0	124.0	-1
50.0	96.0	120.0	-1
36.0	110.0	145.0	-1
66.0	171.0	192.0	-1
41.0	85.0	114.0	-1
25.0	50.0	70.0	-1
58.0	118.0	126.0	-1
48.0	86.0	95.0	-1
36.0	85.0	117.0	-1
24.0	48.0	76.0	-1
78.0	88.0	79.0	-1
67.0	158.0	179.0	-1
26.0	76.0	113.0	-1
35.0	97.0	96.0	-1
29.0	70.0	100.0	-1
28.0	64.0	98.0	-1
25.0	41.0	74.0	-1
26.0	69.0	103.0	-1
35.0	103.0	140.0	-1
30.0	61.0	92.0	-1
21.0	47.0	74.0	-1
24.0	50.0	75.0	-1
24.0	59.0	87.0	-1
24.0	67.0	99.0	-1
33.0	60.0	71.0	-1
31.0	72.0	104.0	-1
22.0	46.0	72.0	-1
28.0	63.0	93.0	-1
25.0	61.0	95.0	-1
24.0	52.0	76.0	-1
28.0	64.0	96.0	-1
22.0	44.0	67.0	-1
32.0	73.0	105.0	-1
33.0	89.0	126.0	-1
30.0	101.0	119.0	-1
36.0	60.0	88.0	-1
29.0	72.0	106.0	-1
28.0	55.0	84.0	-1
28.0	55.0	82.0	-1
28.0	74.0	107.0	-1
23.0	52.0	84.0	-1
36.0	72.0	96.0	-1
28.0	63.0	101.0	-1
41.0	117.0	151.0	-1
25.0	55.0	81.0	-1
52.0	117.0	139.0	-1
28.0	67.0	100.0	-1
22.0	44.0	67.0	-1
21.0	47.0	72.0	-1
40.0	110.0	144.0	-1
32.0	65.0	84.0	-1
22.0	48.0	75.0	-1
34.0	98.0	134.0	-1
22.0	56.0	81.0	-1
23.0	43.0	68.0	-1
25.0	57.0	80.0	-1
37.0	82.0	113.0	-1
28.0	72.0	109.0	-1
57.0	156.0	185.0	-1
23.0	46.0	77.0	-1
17.0	41.0	67.0	-1
30.0	74.0	109.0	-1
22.0	53.0	81.0	-1
29.0	70.0	98.0	-1
26.0	61.0	89.0	-1
27.0	68.0	100.0	-1
33.0	98.0	126.0	-1
29.0	91.0	116.0	-1
35.0	80.0	109.0	-1
78.0	88.0	77.0	-1
75.0	97.0	85.0	-1
28.0	50.0	73.0	-1
31.0	94.0	127.0	-1
29.0	78.0	111.0	-1
32.0	78.0	101.0	-1
26.0	54.0	78.0	-1
28.0	94.0	116.0	-1
26.0	47.0	74.0	-1
32.0	80.0	116.0	-1
29.0	67.0	103.0	-1
79.0	111.0	106.0	-1
32.0	77.0	108.0	-1
27.0	70.0	102.0	-1
32.0	75.0	109.0	-1
32.0	92.0	128.0	-1
27.0	67.0	103.0	-1
27.0	54.0	81.0	-1
27.0	58.0	79.0	-1
39.0	78.0	107.0	-1
28.0	62.0	87.0	-1
33.0	88.0	127.0	-1
23.0	40.0	68.0	-1
32.0	71.0	104.0	-1
28.0	69.0	101.0	-1
26.0	63.0	89.0	-1
40.0	102.0	123.0	-1
44.0	91.0	119.0	-1
27.0	55.0	77.0	-1
28.0	61.0	92.0	-1
28.0	63.0	95.0	-1
40.0	106.0	105.0	-1
33.0	84.0	113.0	-1
44.0	126.0	164.0	-1
25.0	64.0	97.0	-1
35.0	99.0	135.0	-1
91.0	102.0	88.0	-1
23.0	57.0	84.0	-1
39.0	118.0	149.0	-1
37.0	79.0	104.0	-1
23.0	55.0	78.0	-1
21.0	45.0	71.0	-1
37.0	84.0	112.0	-1
27.0	47.0	72.0	-1
28.0	63.0	95.0	-1
20.0	46.0	79.0	-1
20.0	55.0	87.0	-1
28.0	55.0	84.0	-1
48.0	86.0	99.0	-1
38.0	106.0	145.0	-1
31.0	66.0	98.0	-1
26.0	59.0	92.0	-1
24.0	50.0	73.0	-1
23.0	44.0	73.0	-1
30.0	63.0	82.0	-1
24.0	59.0	91.0	-1
27.0	68.0	100.0	-1
83.0	127.0	138.0	-1
22.0	44.0	68.0	-1
32.0	85.0	125.0	-1
30.0	56.0	89.0	-1
30.0	65.0	97.0	-1
25.0	56.0	85.0	-1
28.0	44.0	78.0	-1
40.0	108.0	145.0	-1
25.0	60.0	82.0	-1
26.0	59.0	90.0	-1
28.0	72.0	107.0	-1
37.0	76.0	73.0	-1
19.0	44.0	74.0	-1
28.0	58.0	84.0	-1
25.0	59.0	84.0	-1
27.0	75.0	111.0	-1
30.0	61.0	92.0	-1
30.0	89.0	121.0	-1
40.0	110.0	146.0	-1
47.0	100.0	131.0	-1
24.0	50.0	77.0	-1
24.0	52.0	76.0	-1
21.0	43.0	67.0	-1
52.0	87.0	107.0	-1
29.0	69.0	95.0	-1
46.0	97.0	128.0	-1
4.0	46.0	71.0	-1
28.0	66.0	102.0	-1
24.0	51.0	78.0	-1
30.0	73.0	107.0	-1
24.0	50.0	75.0	-1
30.0	60.0	96.0	-1
24.0	60.0	94.0	-1
29.0	88.0	122.0	-1
30.0	75.0	108.0	-1
26.0	57.0	86.0	-1
36.0	77.0	109.0	-1
28.0	77.0	110.0	-1
27.0	53.0	78.0	-1
44.0	119.0	138.0	-1
27.0	75.0	111.0	-1
25.0	61.0	87.0	-1
25.0	47.0	68.0	-1
27.0	60.0	91.0	-1
58.0	73.0	76.0	-1
29.0	63.0	100.0	-1
28.0	69.0	101.0	-1
31.0	91.0	115.0	-1
29.0	61.0	86.0	-1
30.0	80.0	153.0	-1
23.0	66.0	101.0	-1
23.0	53.0	77.0	-1
57.0	163.0	187.0	-1
30.0	65.0	93.0	-1
59.0	159.0	183.0	-1
34.0	79.0	110.0	-1
27.0	71.0	106.0	-1
23.0	47.0	71.0	-1
71.0	110.0	115.0	-1
33.0	74.0	104.0	-1
48.0	134.0	167.0	-1
25.0	55.0	89.0	-1
31.0	66.0	98.0	-1
34.0	81.0	111.0	-1
31.0	91.0	128.0	-1
26.0	65.0	96.0	-1
61.0	129.0	150.0	-1
22.0	52.0	78.0	-1
24.0	52.0	74.0	-1
24.0	50.0	67.0	-1
34.0	73.0	88.0	-1
28.0	69.0	101.0	-1
24.0	50.0	67.0	-1
32.0	68.0	100.0	-1
37.0	81.0	110.0	-1
33.0	58.0	65.0	-1
26.0	64.0	100.0	-1
62.0	125.0	143.0	-1
20.0	42.0	66.0	-1
33.0	99.0	125.0	-1
31.0	69.0	105.0	-1
24.0	51.0	78.0	-1
28.0	74.0	108.0	-1
32.0	107.0	138.0	-1
29.0	82.0	152.0	-1
24.0	64.0	99.0	-1
26.0	56.0	82.0	-1
33.0	64.0	93.0	-1
31.0	81.0	118.0	-1
25.0	51.0	78.0	-1
38.0	90.0	114.0	-1
32.0	55.0	89.0	-1
21.0	52.0	80.0	-1
43.0	85.0	110.0	-1
40.0	113.0	148.0	-1
24.0	51.0	78.0	-1
26.0	70.0	105.0	-1
24.0	54.0	78.0	-1
25.0	61.0	87.0	-1
37.0	89.0	111.0	-1
110.0	136.0	133.0	-1
46.0	132.0	167.0	-1
24.0	55.0	84.0	-1
26.0	62.0	88.0	-1
39.0	103.0	141.0	-1
32.0	87.0	126.0	-1
27.0	54.0	83.0	-1
94.0	105.0	99.0	-1
41.0	117.0	153.0	-1
55.0	130.0	159.0	-1
23.0	56.0	89.0	-1
45.0	109.0	145.0	-1
53.0	115.0	114.0	-1
37.0	71.0	98.0	-1
21.0	45.0	71.0	-1
30.0	74.0	103.0	-1
50.0	87.0	113.0	-1
21.0	45.0	69.0	-1
26.0	60.0	87.0	-1
24.0	60.0	76.0	-1
36.0	103.0	132.0	-1
52.0	115.0	124.0	-1
21.0	51.0	75.0	-1
27.0	78.0	107.0	-1
32.0	68.0	102.0	-1
49.0	114.0	132.0	-1
43.0	100.0	127.0	-1
70.0	135.0	141.0	-1
25.0	64.0	95.0	-1
23.0	59.0	93.0	-1
29.0	82.0	152.0	-1
28.0	67.0	98.0	-1
26.0	62.0	94.0	-1
42.0	116.0	143.0	-1
92.0	122.0	124.0	-1
25.0	59.0	86.0	-1
37.0	114.0	144.0	-1
24.0	44.0	69.0	-1
23.0	59.0	91.0	-1
28.0	73.0	102.0	-1
24.0	59.0	91.0	-1
37.0	106.0	135.0	-1
32.0	76.0	103.0	-1
24.0	72.0	108.0	-1
29.0	69.0	105.0	-1
35.0	69.0	96.0	-1
24.0	55.0	83.0	-1
22.0	52.0	80.0	-1
28.0	69.0	99.0	-1
24.0	56.0	81.0	-1
23.0	44.0	75.0	-1
26.0	53.0	82.0	-1
24.0	51.0	70.0	-1
22.0	43.0	70.0	-1
25.0	47.0	71.0	-1
28.0	64.0	86.0	-1
28.0	81.0	147.0	-1
26.0	63.0	89.0	-1
32.0	76.0	111.0	-1
23.0	60.0	89.0	-1
43.0	99.0	126.0	-1
24.0	55.0	83.0	-1
29.0	55.0	78.0	-1
23.0	58.0	88.0	-1
27.0	53.0	80.0	-1
22.0	58.0	92.0	-1
41.0	87.0	113.0	-1
24.0	48.0	72.0	-1
26.0	64.0	100.0	-1
32.0	56.0	66.0	-1
52.0	94.0	118.0	-1
46.0	107.0	128.0	-1
22.0	58.0	72.0	-1
27.0	57.0	83.0	-1
57.0	171.0	205.0	-1
27.0	58.0	87.0	-1
48.0	82.0	83.0	-1
33.0	62.0	92.0	-1
25.0	43.0	67.0	-1
24.0	50.0	77.0	-1
22.0	48.0	71.0	-1
29.0	55.0	80.0	-1
29.0	65.0	97.0	-1
22.0	52.0	76.0	-1
30.0	59.0	75.0	-1
23.0	54.0	83.0	-1
39.0	119.0	146.0	-1
22.0	54.0	79.0	-1
26.0	58.0	83.0	-1
25.0	52.0	71.0	-1
35.0	110.0	139.0	-1
24.0	52.0	76.0	-1
67.0	86.0	82.0	-1
34.0	73.0	102.0	-1
29.0	64.0	96.0	-1
24.0	45.0	66.0	-1
43.0	109.0	144.0	-1
25.0	63.0	99.0	-1
23.0	56.0	87.0	-1
38.0	118.0	145.0	-1
59.0	154.0	182.0	-1
33.0	61.0	83.0	-1
51.0	112.0	131.0	-1
46.0	85.0	102.0	-1
29.0	74.0	107.0	-1
24.0	63.0	96.0	-1
45.0	129.0	163.0	-1
26.0	73.0	103.0	-1
22.0	47.0	69.0	-1
23.0	66.0	98.0	-1
23.0	45.0	69.0	-1
22.0	48.0	73.0	-1
24.0	64.0	99.0	-1
25.0	62.0	89.0	-1
25.0	60.0	88.0	-1
43.0	84.0	114.0	-1
38.0	103.0	141.0	-1
22.0	43.0	70.0	-1
27.0	66.0	97.0	-1
38.0	98.0	122.0	-1
31.0	92.0	120.0	-1
47.0	84.0	90.0	-1
24.0	60.0	96.0	-1
43.0	99.0	114.0	-1
44.0	131.0	161.0	-1
23.0	54.0	83.0	-1
28.0	63.0	85.0	-1
31.0	70.0	103.0	-1
26.0	47.0	78.0	-1
28.0	90.0	113.0	-1
40.0	78.0	97.0	-1
23.0	45.0	66.0	-1
29.0	64.0	94.0	-1
33.0	71.0	94.0	-1
34.0	106.0	128.0	-1
22.0	55.0	86.0	-1
34.0	98.0	134.0	-1
27.0	70.0	102.0	-1
30.0	66.0	100.0	-1
24.0	57.0	88.0	-1
26.0	66.0	101.0	-1
24.0	46.0	69.0	-1
31.0	79.0	115.0	-1
26.0	71.0	104.0	-1
38.0	67.0	62.0	-1
31.0	57.0	74.0	-1
64.0	167.0	186.0	-1
24.0	65.0	93.0	-1
26.0	57.0	85.0	-1
23.0	50.0	80.0	-1
65.0	162.0	179.0	-1
24.0	63.0	96.0	-1
33.0	88.0	127.0	-1
33.0	52.0	67.0	-1
30.0	76.0	112.0	-1
28.0	62.0	99.0	-1
50.0	139.0	173.0	-1
33.0	62.0	94.0	-1
26.0	66.0	101.0	-1
32.0	72.0	107.0	-1
32.0	65.0	82.0	-1
22.0	47.0	67.0	-1
24.0	41.0	67.0	-1
22.0	48.0	75.0	-1
31.0	71.0	106.0	-1
34.0	78.0	105.0	-1
26.0	56.0	84.0	-1
25.0	53.0	77.0	-1
25.0	52.0	71.0	-1
73.0	84.0	78.0	-1
36.0	90.0	118.0	-1
30.0	70.0	105.0	-1
41.0	124.0	158.0	-1
55.0	144.0	178.0	-1
28.0	63.0	95.0	-1
28.0	69.0	101.0	-1
47.0	75.0	87.0	-1
25.0	70.0	99.0	-1
29.0	110.0	140.0	-1
75.0	119.0	120.0	-1
26.0	75.0	107.0	-1
21.0	58.0	85.0	-1
44.0	120.0	156.0	-1
29.0	65.0	99.0	-1
26.0	53.0	74.0	-1
56.0	118.0	143.0	-1
26.0	64.0	100.0	-1
32.0	81.0	121.0	-1
24.0	45.0	76.0	-1
52.0	153.0	181.0	-1
35.0	112.0	142.0	-1
28.0	65.0	94.0	-1
36.0	88.0	146.0	-1
27.0	62.0	92.0	-1
23.0	48.0	68.0	-1
25.0	53.0	77.0	-1
34.0	80.0	113.0	-1
25.0	64.0	97.0	-1
27.0	66.0	97.0	-1
33.0	54.0	81.0	-1
25.0	64.0	97.0	-1
29.0	75.0	108.0	-1
53.0	91.0	94.0	-1
24.0	53.0	85.0	-1
47.0	85.0	96.0	-1
24.0	60.0	82.0	-1
24.0	51.0	72.0	-1
25.0	46.0	77.0	-1
24.0	49.0	79.0	-1
27.0	72.0	103.0	-1
22.0	57.0	89.0	-1
24.0	51.0	78.0	-1
26.0	59.0	90.0	-1
28.0	66.0	89.0	-1
25.0	63.0	86.0	-1
32.0	77.0	110.0	-1
34.0	71.0	87.0	-1
40.0	74.0	76.0	-1
28.0	63.0	95.0	-1
23.0	45.0	69.0	-1
24.0	45.0	72.0	-1
30.0	75.0	108.0	-1
32.0	84.0	121.0	-1
27.0	51.0	79.0	-1
29.0	64.0	94.0	-1
25.0	54.0	88.0	-1
28.0	61.0	96.0	-1
26.0	53.0	82.0	-1
61.0	169.0	195.0	-1
28.0	71.0	105.0	-1
43.0	98.0	118.0	-1
38.0	86.0	108.0	-1
31.0	64.0	95.0	-1
21.0	58.0	87.0	-1
29.0	65.0	97.0	-1
21.0	51.0	77.0	-1
29.0	59.0	85.0	-1
22.0	58.0	90.0	-1
34.0	98.0	123.0	-1
28.0	54.0	81.0	-1
23.0	51.0	75.0	-1
29.0	79.0	114.0	-1
25.0	75.0	108.0	-1
25.0	45.0	70.0	-1
31.0	52.0	83.0	-1
25.0	56.0	84.0	-1
23.0	54.0	82.0	-1
28.0	70.0	95.0	-1
38.0	66.0	90.0	-1
46.0	80.0	92.0	-1
39.0	120.0	150.0	-1
33.0	76.0	110.0	-1
29.0	60.0	88.0	-1
31.0	89.0	111.0	-1
43.0	69.0	68.0	-1
